-0.5127
-0.5127
-0.5249
-0.521
-0.522
-0.5156
-0.5176
-0.52
-0.5229
-0.5229
-0.5146
-0.5166
-0.5146
-0.519
-0.5156
-0.522
-0.5244
-0.5327
-0.5259
-0.5269
-0.5239
-0.5234
-0.5254
-0.5269
-0.5244
-0.5234
-0.5322
-0.5225
-0.5205
-0.5215
-0.5234
-0.5205
-0.5234
-0.5186
-0.5244
-0.5254
-0.5181
-0.5186
-0.5269
-0.5239
-0.5308
-0.5254
-0.5249
-0.5303
-0.5293
-0.5225
-0.5254
-0.5239
-0.5244
-0.519
-0.5195
-0.522
-0.519
-0.5103
-0.5215
-0.5249
-0.5181
-0.522
-0.5269
-0.5234
-0.5215
-0.521
-0.5195
-0.5278
-0.5249
-0.5254
-0.5259
-0.521
-0.5293
-0.5283
-0.5313
-0.5264
-0.5254
-0.5244
-0.5264
-0.5181
-0.5205
-0.5229
-0.52
-0.5151
-0.5181
-0.5229
-0.5176
-0.5293
-0.521
-0.5283
-0.5337
-0.5244
-0.5293
-0.5322
-0.5244
-0.5303
-0.5308
-0.5293
-0.5317
-0.5249
-0.5259
-0.52
-0.5361
-0.5215
-0.5186
-0.5269
-0.5254
-0.5122
-0.5156
-0.519
-0.5298
-0.5229
-0.522
-0.5205
-0.5259
-0.5278
-0.5215
-0.5225
-0.5234
-0.5142
-0.522
-0.521
-0.5259
-0.5142
-0.5205
-0.5127
-0.5146
-0.5264
-0.5229
-0.5146
-0.5195
-0.5254
-0.5269
-0.522
-0.5259
-0.5215
-0.5186
-0.5146
-0.519
-0.5239
-0.521
-0.5303
-0.519
-0.5278
-0.5249
-0.5225
-0.522
-0.522
-0.5313
-0.5234
-0.5249
-0.5249
-0.5298
-0.5327
-0.522
-0.5327
-0.5283
-0.5283
-0.522
-0.5264
-0.5293
-0.5244
-0.5225
-0.5386
-0.5342
-0.5259
-0.5205
-0.5342
-0.5269
-0.5269
-0.5269
-0.5308
-0.5181
-0.5317
-0.5264
-0.5225
-0.5239
-0.5313
-0.5283
-0.5244
-0.5166
-0.5293
-0.5269
-0.5278
-0.5264
-0.5254
-0.5288
-0.5278
-0.5278
-0.5313
-0.5283
-0.5303
-0.5381
-0.5313
-0.5317
-0.5264
-0.5259
-0.5259
-0.5273
-0.5254
-0.5288
-0.5264
-0.5234
-0.5283
-0.5259
-0.5244
-0.5303
-0.5229
-0.5273
-0.5273
-0.5317
-0.5269
-0.5132
-0.5229
-0.5205
-0.5166
-0.5288
-0.5166
-0.5293
-0.5215
-0.5249
-0.5146
-0.5244
-0.519
-0.5161
-0.52
-0.5112
-0.5117
-0.5171
-0.5205
-0.5249
-0.5161
-0.52
-0.5225
-0.5186
-0.5205
-0.5249
-0.5239
-0.5273
-0.5273
-0.5225
-0.5264
-0.5215
-0.5288
-0.5239
-0.5244
-0.5215
-0.521
-0.5293
-0.5127
-0.5127
-0.5244
-0.5117
-0.5215
-0.5181
-0.5171
-0.522
-0.522
-0.5239
-0.5259
-0.5313
-0.5239
-0.5249
-0.5156
-0.5244
-0.5264
-0.5181
-0.5234
-0.5249
-0.5244
-0.5181
-0.5273
-0.5269
-0.5376
-0.5322
-0.5283
-0.5298
-0.5254
-0.5225
-0.5234
-0.5229
-0.522
-0.5195
-0.5127
-0.5176
-0.5122
-0.5244
-0.5303
-0.5278
-0.5254
-0.5317
-0.5239
-0.5269
-0.5264
-0.5205
-0.5303
-0.5249
-0.5171
-0.519
-0.5293
-0.5259
-0.5244
-0.5254
-0.5264
-0.519
-0.5176
-0.5156
-0.5181
-0.5059
-0.5029
-0.479
-0.4678
-0.4609
-0.4424
-0.417
-0.4063
-0.3877
-0.3525
-0.3384
-0.3086
-0.2915
-0.2778
-0.2397
-0.2363
-0.1992
-0.1753
-0.1479
-0.1196
-0.1094
-0.0845
-0.0615
-0.0459
-0.0229
0.0059
0.0332
0.0454
0.0664
0.0713
0.0918
0.0957
0.105
0.1069
0.1011
0.1079
0.104
0.1035
0.0947
0.0942
0.0762
0.062
0.0474
0.0361
0.0107
-0.0083
-0.0264
-0.0464
-0.0688
-0.0874
-0.1069
-0.1279
-0.1572
-0.1865
-0.2026
-0.2222
-0.249
-0.2695
-0.2959
-0.3115
-0.3286
-0.3438
-0.3511
-0.354
-0.3696
-0.3774
-0.3774
-0.3779
-0.3726
-0.3779
-0.3721
-0.3657
-0.3643
-0.3516
-0.3423
-0.3335
-0.3257
-0.3037
-0.291
-0.2803
-0.2656
-0.2485
-0.2373
-0.2227
-0.2007
-0.1743
-0.1675
-0.1406
-0.1211
-0.1118
-0.0898
-0.0698
-0.0596
-0.0581
-0.0474
-0.0283
-0.0264
-0.0264
-0.0244
-0.02
-0.0273
-0.0337
-0.0405
-0.0479
-0.0581
-0.0688
-0.084
-0.1035
-0.1279
-0.145
-0.1709
-0.186
-0.2109
-0.2266
-0.2617
-0.2856
-0.3135
-0.3369
-0.3613
-0.377
-0.4063
-0.4258
-0.4355
-0.4561
-0.4751
-0.4863
-0.5073
-0.52
-0.5234
-0.519
-0.5186
-0.5181
-0.5205
-0.5215
-0.5112
-0.4873
-0.4795
-0.4585
-0.4331
-0.4214
-0.3999
-0.375
-0.3472
-0.3262
-0.2959
-0.27
-0.2397
-0.2139
-0.1777
-0.1577
-0.1235
-0.0991
-0.0825
-0.0488
-0.0293
0.001
0.0327
0.0532
0.0645
0.082
0.0889
0.0962
0.1084
0.1089
0.1084
0.103
0.1055
0.0923
0.0825
0.0659
0.0513
0.0381
0.0156
-0.0059
-0.0327
-0.062
-0.0864
-0.1045
-0.1333
-0.1631
-0.1973
-0.2153
-0.2432
-0.2661
-0.2852
-0.3125
-0.3267
-0.3447
-0.3555
-0.3701
-0.3696
-0.3735
-0.3799
-0.3774
-0.3804
-0.373
-0.3745
-0.3662
-0.3481
-0.3394
-0.3267
-0.3086
-0.2915
-0.2729
-0.2505
-0.2397
-0.21
-0.1885
-0.1797
-0.1562
-0.1323
-0.1167
-0.0889
-0.0737
-0.0586
-0.0469
-0.0464
-0.0313
-0.021
-0.0303
-0.022
-0.0293
-0.041
-0.041
-0.0439
-0.0532
-0.0698
-0.0889
-0.1084
-0.1367
-0.1611
-0.1812
-0.2021
-0.2246
-0.2534
-0.2905
-0.3066
-0.3252
-0.3599
-0.3794
-0.4092
-0.4277
-0.4482
-0.4692
-0.4814
-0.501
-0.5107
-0.5205
-0.5225
-0.5273
-0.5288
-0.5176
-0.5151
-0.5083
-0.4883
-0.4771
-0.4648
-0.4409
-0.4243
-0.4048
-0.3799
-0.3521
-0.3354
-0.3066
-0.2773
-0.2485
-0.2197
-0.1885
-0.1626
-0.1372
-0.1104
-0.0835
-0.0601
-0.0342
-0.0186
0.0273
0.0547
0.0698
0.0693
0.0771
0.0962
0.1084
0.1099
0.1104
0.1079
0.0962
0.0894
0.0825
0.0723
0.0542
0.0361
0.0186
0.0063
-0.0278
-0.0503
-0.0698
-0.0972
-0.1196
-0.1558
-0.186
-0.2085
-0.2329
-0.2651
-0.2822
-0.3027
-0.3179
-0.3438
-0.3447
-0.3657
-0.376
-0.3726
-0.3872
-0.3794
-0.3848
-0.373
-0.3677
-0.3594
-0.3486
-0.3442
-0.3218
-0.3027
-0.2935
-0.2788
-0.2588
-0.2412
-0.2109
-0.1992
-0.166
-0.1538
-0.1382
-0.1079
-0.0938
-0.0786
-0.0591
-0.0576
-0.04
-0.0337
-0.0278
-0.0239
-0.0288
-0.0303
-0.0337
-0.043
-0.0566
-0.0625
-0.0757
-0.0884
-0.1055
-0.1289
-0.1489
-0.1733
-0.1968
-0.2305
-0.2593
-0.2861
-0.3101
-0.3281
-0.3604
-0.3867
-0.4077
-0.4312
-0.4526
-0.4678
-0.4858
-0.4937
-0.5112
-0.5059
-0.52
-0.5244
-0.5288
-0.5229
-0.5063
-0.4995
-0.4873
-0.4761
-0.4634
-0.4419
-0.4263
-0.4038
-0.3794
-0.3525
-0.3354
-0.3013
-0.2705
-0.2446
-0.2104
-0.1826
-0.1606
-0.1299
-0.1016
-0.0767
-0.0532
-0.0278
-0.0054
0.0264
0.0522
0.0649
0.0801
0.0898
0.0981
0.1128
0.1069
0.1094
0.106
0.1011
0.0918
0.0742
0.0615
0.0537
0.0391
0.0132
-0.0083
-0.0283
-0.043
-0.0859
-0.105
-0.125
-0.1582
-0.187
-0.2148
-0.2261
-0.2593
-0.2896
-0.3042
-0.3257
-0.3418
-0.3472
-0.3687
-0.3794
-0.3755
-0.3711
-0.3862
-0.3813
-0.3755
-0.3652
-0.3623
-0.3418
-0.3496
-0.3267
-0.3057
-0.2925
-0.2886
-0.2617
-0.229
-0.2275
-0.208
-0.1816
-0.1714
-0.1445
-0.1274
-0.1021
-0.0928
-0.063
-0.0625
-0.0479
-0.0332
-0.0317
-0.0283
-0.0283
-0.0396
-0.0288
-0.0366
-0.0469
-0.0513
-0.0625
-0.0806
-0.105
-0.124
-0.1382
-0.166
-0.1855
-0.2061
-0.2368
-0.2651
-0.2974
-0.3145
-0.3477
-0.3657
-0.395
-0.416
-0.4409
-0.4658
-0.4658
-0.4917
-0.4927
-0.5059
-0.5107
-0.5205
-0.5273
-0.5122
-0.5083
-0.4995
-0.5088
-0.4956
-0.4785
-0.457
-0.4302
-0.4214
-0.396
-0.373
-0.3491
-0.3164
-0.2803
-0.2554
-0.2256
-0.2124
-0.1855
-0.1558
-0.1216
-0.0972
-0.0669
-0.0474
-0.0229
0.0088
0.0376
0.0488
0.0674
0.0825
0.0874
0.0962
0.1055
0.1016
0.1064
0.1069
0.103
0.0967
0.0781
0.0752
0.0635
0.0508
0.0342
0.001
-0.0161
-0.0518
-0.0664
-0.083
-0.1108
-0.145
-0.1699
-0.2012
-0.2148
-0.2534
-0.2759
-0.2964
-0.3086
-0.335
-0.3403
-0.3496
-0.3711
-0.3662
-0.3765
-0.376
-0.3765
-0.3711
-0.3687
-0.3594
-0.354
-0.3467
-0.3301
-0.3013
-0.3037
-0.2788
-0.2583
-0.2485
-0.231
-0.2046
-0.189
-0.1748
-0.1514
-0.1284
-0.1099
-0.0962
-0.0786
-0.062
-0.0469
-0.0371
-0.0303
-0.0317
-0.0288
-0.0303
-0.0273
-0.0264
-0.0435
-0.0381
-0.0605
-0.0688
-0.0771
-0.1094
-0.127
-0.1455
-0.1655
-0.188
-0.2148
-0.2456
-0.2676
-0.292
-0.3159
-0.3442
-0.3682
-0.394
-0.4185
-0.4351
-0.4458
-0.4692
-0.4814
-0.4985
-0.5049
-0.5107
-0.5151
-0.5176
-0.5132
-0.5132
-0.5088
-0.4961
-0.48
-0.4692
-0.4702
-0.4497
-0.4277
-0.4014
-0.3857
-0.356
-0.3335
-0.3013
-0.2749
-0.2495
-0.2217
-0.1978
-0.165
-0.1382
-0.1069
-0.0859
-0.0571
-0.0317
0
0.022
0.043
0.0649
0.0732
0.0854
0.0962
0.1069
0.1113
0.1138
0.1064
0.0962
0.0942
0.0879
0.0713
0.0557
0.0474
0.0259
-0.0015
-0.0278
-0.0371
-0.0654
-0.0996
-0.1177
-0.1431
-0.1738
-0.2002
-0.2129
-0.2524
-0.2651
-0.2881
-0.3076
-0.3164
-0.3369
-0.353
-0.3633
-0.3784
-0.3838
-0.3809
-0.3877
-0.3818
-0.3877
-0.375
-0.3706
-0.3574
-0.3442
-0.332
-0.311
-0.2959
-0.2769
-0.2583
-0.2441
-0.2236
-0.2075
-0.1807
-0.1602
-0.1499
-0.1182
-0.1064
-0.1016
-0.0767
-0.0591
-0.0532
-0.0342
-0.0308
-0.0288
-0.0322
-0.0273
-0.0308
-0.0254
-0.0435
-0.0547
-0.0679
-0.0796
-0.1055
-0.1279
-0.1411
-0.1655
-0.1792
-0.2158
-0.2476
-0.2651
-0.2988
-0.3242
-0.3413
-0.3696
-0.3911
-0.4146
-0.4346
-0.4521
-0.4668
-0.4883
-0.4976
-0.5068
-0.5176
-0.5225
-0.522
-0.519
-0.5166
-0.522
-0.5083
-0.5024
-0.4902
-0.4644
-0.4526
-0.4355
-0.4106
-0.3848
-0.3647
-0.3408
-0.3032
-0.2754
-0.2505
-0.2256
-0.2007
-0.1699
-0.1421
-0.1089
-0.0859
-0.0688
-0.0444
-0.022
0.0137
0.0317
0.0503
0.0635
0.0684
0.0874
0.104
0.1016
0.103
0.1069
0.0913
0.0894
0.0825
0.0664
0.0654
0.0547
0.0293
0.0176
-0.0142
-0.0337
-0.0649
-0.0884
-0.1099
-0.1387
-0.168
-0.1875
-0.2129
-0.2295
-0.2593
-0.2866
-0.2998
-0.3188
-0.3311
-0.355
-0.3628
-0.3701
-0.3696
-0.3789
-0.3721
-0.3701
-0.374
-0.3638
-0.354
-0.3511
-0.3359
-0.3169
-0.3081
-0.2915
-0.2759
-0.2666
-0.2461
-0.2236
-0.2026
-0.188
-0.1592
-0.1392
-0.1221
-0.1104
-0.0859
-0.0767
-0.0557
-0.0454
-0.0464
-0.0347
-0.0313
-0.0332
-0.0322
-0.0308
-0.042
-0.0469
-0.0552
-0.0688
-0.0791
-0.106
-0.1196
-0.1431
-0.1577
-0.1836
-0.2163
-0.2319
-0.2671
-0.2925
-0.314
-0.3438
-0.3696
-0.3936
-0.4136
-0.4351
-0.4438
-0.4634
-0.4785
-0.5
-0.5166
-0.5215
-0.5215
-0.5342
-0.5298
-0.5186
-0.5142
-0.5024
-0.4956
-0.4766
-0.4604
-0.4478
-0.417
-0.4014
-0.3848
-0.3506
-0.3369
-0.3042
-0.2798
-0.2495
-0.2256
-0.1953
-0.1582
-0.126
-0.0996
-0.0713
-0.0498
-0.0244
-0.0068
0.0273
0.0518
0.064
0.0781
0.0869
0.1006
0.1108
0.1113
0.1089
0.105
0.1094
0.0957
0.0898
0.0732
0.0591
0.0356
0.0225
-0.0015
-0.0288
-0.0488
-0.0713
-0.0962
-0.1177
-0.1489
-0.1743
-0.2041
-0.229
-0.252
-0.2734
-0.291
-0.3174
-0.333
-0.3521
-0.3574
-0.3599
-0.3682
-0.3789
-0.3843
-0.3838
-0.3804
-0.3652
-0.3633
-0.354
-0.3457
-0.3389
-0.3286
-0.3047
-0.2896
-0.27
-0.251
-0.2256
-0.207
-0.186
-0.1636
-0.1416
-0.1265
-0.1123
-0.0938
-0.0713
-0.0542
-0.0557
-0.04
-0.0273
-0.0313
-0.0161
-0.0249
-0.0229
-0.0391
-0.0464
-0.0493
-0.0669
-0.0864
-0.0967
-0.1099
-0.1348
-0.1592
-0.1851
-0.2134
-0.2349
-0.2598
-0.2939
-0.3091
-0.332
-0.3613
-0.3857
-0.4097
-0.4307
-0.4536
-0.4673
-0.4839
-0.4985
-0.5044
-0.5166
-0.5151
-0.5215
-0.5117
-0.5259
-0.5132
-0.5005
-0.4941
-0.4937
-0.4697
-0.4482
-0.4297
-0.4048
-0.3862
-0.3701
-0.3452
-0.3091
-0.2783
-0.2505
-0.231
-0.2041
-0.1689
-0.1401
-0.103
-0.0796
-0.061
-0.0347
-0.0132
0.02
0.042
0.0547
0.0718
0.0801
0.0957
0.0996
0.103
0.1006
0.0991
0.0811
0.0952
0.0723
0.0674
0.0566
0.0444
0.0254
-0.0127
-0.0234
-0.0542
-0.0737
-0.1064
-0.1279
-0.1392
-0.1831
-0.2007
-0.2354
-0.2563
-0.2778
-0.3081
-0.3145
-0.3354
-0.3521
-0.3638
-0.376
-0.3726
-0.3833
-0.3804
-0.3755
-0.375
-0.3794
-0.3701
-0.3638
-0.3398
-0.3296
-0.3125
-0.3037
-0.2832
-0.2642
-0.2476
-0.2305
-0.2041
-0.1875
-0.1714
-0.1396
-0.1279
-0.1021
-0.083
-0.0723
-0.0635
-0.0479
-0.041
-0.0269
-0.02
-0.0195
-0.0244
-0.0298
-0.0298
-0.0425
-0.0576
-0.063
-0.0913
-0.0957
-0.1211
-0.1372
-0.1665
-0.1782
-0.2061
-0.2334
-0.2563
-0.2842
-0.3154
-0.3354
-0.3667
-0.3896
-0.4058
-0.439
-0.4531
-0.4688
-0.481
-0.4971
-0.5127
-0.5234
-0.5181
-0.5239
-0.5156
-0.5146
-0.5122
-0.5
-0.4941
-0.4893
-0.4688
-0.438
-0.4253
-0.3979
-0.3765
-0.3662
-0.3438
-0.3101
-0.2744
-0.2495
-0.2217
-0.1919
-0.168
-0.1392
-0.103
-0.0757
-0.0635
-0.0322
-0.0127
0.0234
0.0376
0.0522
0.0684
0.084
0.0942
0.0928
0.106
0.1133
0.1074
0.1016
0.0942
0.0815
0.0737
0.0649
0.0376
0.0244
0.0112
-0.02
-0.0483
-0.0669
-0.0884
-0.1216
-0.1445
-0.1797
-0.2036
-0.231
-0.2583
-0.2661
-0.3022
-0.3213
-0.3413
-0.3496
-0.3584
-0.3701
-0.3794
-0.3833
-0.395
-0.3848
-0.3799
-0.3799
-0.3687
-0.3569
-0.3442
-0.3389
-0.3218
-0.2998
-0.2905
-0.2686
-0.2539
-0.231
-0.2109
-0.1875
-0.1748
-0.1597
-0.1353
-0.1104
-0.0996
-0.0811
-0.0664
-0.0518
-0.04
-0.0352
-0.0303
-0.0254
-0.022
-0.0225
-0.0327
-0.0454
-0.0518
-0.061
-0.0723
-0.0942
-0.1079
-0.1338
-0.1533
-0.1709
-0.1934
-0.2153
-0.2588
-0.2832
-0.3027
-0.3267
-0.3491
-0.3726
-0.4023
-0.4277
-0.439
-0.4683
-0.4829
-0.4971
-0.5117
-0.5215
-0.5244
-0.5239
-0.5176
-0.5229
-0.5151
-0.5142
-0.4932
-0.4819
-0.4717
-0.4585
-0.4355
-0.4126
-0.395
-0.3745
-0.3418
-0.3047
-0.2852
-0.2661
-0.2329
-0.2119
-0.1719
-0.1494
-0.1128
-0.0815
-0.0601
-0.0386
-0.0176
0.0107
0.0337
0.0596
0.0645
0.0825
0.0859
0.0928
0.103
0.1084
0.1143
0.1035
0.1001
0.0923
0.0684
0.064
0.0586
0.0322
0.0063
-0.0107
-0.0298
-0.0542
-0.0767
-0.1011
-0.1318
-0.1646
-0.1831
-0.2085
-0.2271
-0.2578
-0.2827
-0.313
-0.3203
-0.3335
-0.3486
-0.3643
-0.3618
-0.3662
-0.3682
-0.3677
-0.3677
-0.3647
-0.3682
-0.3535
-0.3472
-0.3335
-0.3286
-0.3169
-0.2939
-0.2798
-0.2534
-0.2373
-0.2261
-0.1934
-0.1851
-0.1577
-0.1504
-0.1313
-0.103
-0.0737
-0.0688
-0.0552
-0.0488
-0.0347
-0.0356
-0.0303
-0.0229
-0.02
-0.0259
-0.0313
-0.0449
-0.0493
-0.0601
-0.0786
-0.0928
-0.1172
-0.1396
-0.1543
-0.1724
-0.1997
-0.2246
-0.2603
-0.2739
-0.3047
-0.3306
-0.3511
-0.376
-0.3955
-0.4194
-0.4468
-0.4531
-0.4707
-0.4839
-0.4946
-0.4956
-0.5083
-0.5146
-0.5103
-0.5137
-0.5063
-0.4966
-0.4883
-0.4736
-0.4639
-0.4434
-0.4253
-0.4136
-0.3838
-0.3618
-0.3364
-0.3076
-0.2769
-0.2495
-0.2251
-0.1987
-0.167
-0.1377
-0.1138
-0.0835
-0.0601
-0.0483
0
0.0176
0.0371
0.0615
0.063
0.0933
0.0991
0.1196
0.1118
0.1172
0.1138
0.105
0.0996
0.0933
0.0811
0.0649
0.0435
0.0366
0.0249
0.0073
-0.0122
-0.042
-0.0781
-0.103
-0.126
-0.1528
-0.1802
-0.2056
-0.2383
-0.2622
-0.2788
-0.3057
-0.3184
-0.3291
-0.3501
-0.3608
-0.373
-0.3726
-0.3833
-0.3755
-0.3784
-0.377
-0.3716
-0.3564
-0.3511
-0.3398
-0.3223
-0.3022
-0.2954
-0.2769
-0.2578
-0.2324
-0.2202
-0.1987
-0.1895
-0.1577
-0.1362
-0.1201
-0.0981
-0.0933
-0.0659
-0.062
-0.0513
-0.0439
-0.0356
-0.0342
-0.0229
-0.0244
-0.0283
-0.0352
-0.0415
-0.0537
-0.0615
-0.0845
-0.0859
-0.1084
-0.127
-0.1538
-0.1689
-0.1934
-0.2192
-0.2529
-0.2749
-0.3003
-0.3257
-0.3491
-0.373
-0.394
-0.4287
-0.436
-0.4609
-0.4731
-0.4839
-0.5005
-0.502
-0.5088
-0.5098
-0.5117
-0.5044
-0.5044
-0.4941
-0.4785
-0.4712
-0.4707
-0.4526
-0.4131
-0.3936
-0.3804
-0.353
-0.3257
-0.2896
-0.2715
-0.2495
-0.2192
-0.1924
-0.1621
-0.145
-0.1094
-0.0781
-0.0483
-0.0327
-0.0122
0.0254
0.0459
0.0649
0.0791
0.084
0.1001
0.0864
0.1069
0.1172
0.1182
0.1079
0.105
0.0981
0.0864
0.064
0.0527
0.0337
0.0229
-0.0127
-0.041
-0.0601
-0.084
-0.1123
-0.1421
-0.1602
-0.1919
-0.2217
-0.2402
-0.2656
-0.2856
-0.2944
-0.3193
-0.3335
-0.3423
-0.3506
-0.3657
-0.3657
-0.376
-0.3682
-0.3672
-0.3633
-0.3589
-0.353
-0.335
-0.3262
-0.311
-0.3018
-0.2793
-0.2666
-0.2451
-0.2212
-0.2056
-0.189
-0.1699
-0.1494
-0.1274
-0.1074
-0.0903
-0.0771
-0.0625
-0.0469
-0.0396
-0.0283
-0.0195
-0.0322
-0.0234
-0.0249
-0.0229
-0.0327
-0.0518
-0.0513
-0.0747
-0.0879
-0.0967
-0.1274
-0.1392
-0.1772
-0.1899
-0.2236
-0.2446
-0.2715
-0.2988
-0.3379
-0.3623
-0.3828
-0.4023
-0.4219
-0.4438
-0.4634
-0.4658
-0.4927
-0.5034
-0.5098
-0.5127
-0.5117
-0.5132
-0.5132
-0.5093
-0.5039
-0.4897
-0.4766
-0.4683
-0.4521
-0.4287
-0.4023
-0.3794
-0.3584
-0.3296
-0.3081
-0.269
-0.248
-0.2222
-0.2002
-0.165
-0.1387
-0.1084
-0.0894
-0.0576
-0.0508
-0.0122
0.0254
0.0361
0.0684
0.0786
0.0913
0.0942
0.1152
0.1177
0.1191
0.1221
0.1123
0.1055
0.0874
0.0742
0.064
0.0459
0.0288
0.002
-0.0205
-0.0435
-0.0684
-0.0874
-0.1138
-0.1455
-0.1694
-0.1919
-0.2222
-0.2476
-0.2627
-0.2915
-0.3042
-0.3218
-0.3306
-0.3486
-0.3638
-0.3687
-0.3696
-0.3662
-0.3672
-0.3716
-0.3604
-0.3633
-0.3438
-0.333
-0.3267
-0.3154
-0.3101
-0.2905
-0.2622
-0.2515
-0.2314
-0.2085
-0.1909
-0.1641
-0.1353
-0.1108
-0.085
-0.0723
-0.0459
-0.0371
-0.0269
-0.0239
-0.0234
-0.0381
-0.0649
-0.1055
-0.1392
-0.1812
-0.2388
-0.3037
-0.3599
-0.3984
-0.4526
-0.4854
-0.5161
-0.5239
-0.5244
-0.4995
-0.4629
-0.4292
-0.3687
-0.3066
-0.2427
-0.1646
-0.1045
-0.0396
0.0259
0.0625
0.0903
0.1074
0.1001
0.0742
0.0552
-0.001
-0.0532
-0.1216
-0.1787
-0.2441
-0.2983
-0.3506
-0.3687
-0.3804
-0.3848
-0.3662
-0.3506
-0.2983
-0.2466
-0.1968
-0.147
-0.1113
-0.0615
-0.0454
-0.0225
-0.0322
-0.0415
-0.0698
-0.1206
-0.1909
-0.2441
-0.3262
-0.377
-0.4321
-0.4771
-0.5083
-0.5176
-0.5146
-0.4961
-0.4604
-0.416
-0.3604
-0.3037
-0.2217
-0.1631
-0.103
-0.0386
0.0137
0.0654
0.0996
0.1128
0.1001
0.0806
0.0337
-0.02
-0.0786
-0.1436
-0.2119
-0.2559
-0.3105
-0.3511
-0.3765
-0.3882
-0.3789
-0.3662
-0.3286
-0.2852
-0.2373
-0.1885
-0.1387
-0.0986
-0.0576
-0.0366
-0.0264
-0.0439
-0.0586
-0.0942
-0.1318
-0.1904
-0.2573
-0.332
-0.3789
-0.4307
-0.481
-0.5083
-0.5313
-0.5327
-0.5054
-0.4756
-0.4326
-0.3818
-0.3276
-0.2554
-0.1753
-0.1069
-0.0571
0
0.0605
0.0933
0.0928
0.0957
0.0845
0.0454
0.0005
-0.0708
-0.1206
-0.1919
-0.2451
-0.3057
-0.3467
-0.3765
-0.3892
-0.3813
-0.3657
-0.3354
-0.3057
-0.2358
-0.1914
-0.1484
-0.1099
-0.0747
-0.0474
-0.0381
-0.0371
-0.0566
-0.0889
-0.1289
-0.188
-0.2515
-0.3179
-0.375
-0.4277
-0.4751
-0.5146
-0.5244
-0.519
-0.5005
-0.4648
-0.4341
-0.3706
-0.3115
-0.2427
-0.1709
-0.1104
-0.0483
0.0073
0.0586
0.0923
0.1006
0.0962
0.0771
0.0493
-0.0127
-0.0693
-0.1323
-0.1899
-0.2524
-0.3032
-0.3438
-0.3691
-0.3779
-0.3813
-0.3589
-0.3252
-0.2925
-0.229
-0.189
-0.147
-0.1035
-0.0674
-0.0376
-0.0366
-0.0361
-0.0532
-0.0708
-0.1206
-0.1753
-0.248
-0.3096
-0.3599
-0.4189
-0.4688
-0.4961
-0.5127
-0.522
-0.5015
-0.4775
-0.4346
-0.3813
-0.3179
-0.2578
-0.1841
-0.1094
-0.0562
0.0151
0.064
0.0952
0.0972
0.1069
0.0996
0.0596
0.0029
-0.0625
-0.1216
-0.1738
-0.2397
-0.29
-0.333
-0.3667
-0.376
-0.3735
-0.3604
-0.3413
-0.2993
-0.2485
-0.2026
-0.1514
-0.1128
-0.0737
-0.0352
-0.021
-0.0273
-0.0435
-0.0786
-0.1123
-0.1694
-0.2334
-0.3027
-0.356
-0.4067
-0.4585
-0.4941
-0.5093
-0.521
-0.5093
-0.4663
-0.4312
-0.3862
-0.3188
-0.2549
-0.1943
-0.1235
-0.0581
0.002
0.0596
0.0913
0.103
0.1099
0.0908
0.062
0.0283
-0.0493
-0.105
-0.1606
-0.2231
-0.2842
-0.3291
-0.3652
-0.3833
-0.3833
-0.3594
-0.3413
-0.3032
-0.252
-0.1973
-0.1655
-0.1167
-0.0747
-0.0459
-0.0273
-0.022
-0.0464
-0.0635
-0.0898
-0.1587
-0.2134
-0.2729
-0.3452
-0.3984
-0.4512
-0.4839
-0.5181
-0.5293
-0.5088
-0.4937
-0.4556
-0.415
-0.3511
-0.2822
-0.2183
-0.1416
-0.0791
-0.0298
0.0396
0.0771
0.1045
0.1104
0.103
0.0728
0.0298
-0.0273
-0.0864
-0.1343
-0.1978
-0.2593
-0.3081
-0.3438
-0.3633
-0.3716
-0.3667
-0.3442
-0.3096
-0.2695
-0.2246
-0.1719
-0.1304
-0.0815
-0.0537
-0.0337
-0.0225
-0.0366
-0.0508
-0.0864
-0.1377
-0.2036
-0.2646
-0.3232
-0.3828
-0.439
-0.4751
-0.502
-0.521
-0.5161
-0.4937
-0.4644
-0.417
-0.3721
-0.3037
-0.2417
-0.166
-0.103
-0.0469
0.019
0.0664
0.0986
0.1162
0.1035
0.0879
0.0498
0.002
-0.0708
-0.1279
-0.188
-0.2598
-0.311
-0.3516
-0.3706
-0.377
-0.3696
-0.3535
-0.3223
-0.2793
-0.2349
-0.1919
-0.1396
-0.1016
-0.0669
-0.0327
-0.0239
-0.0308
-0.0508
-0.0771
-0.1255
-0.1895
-0.2515
-0.3159
-0.3711
-0.4229
-0.4741
-0.5078
-0.5244
-0.5107
-0.5044
-0.4692
-0.4302
-0.3735
-0.3052
-0.2329
-0.1709
-0.1045
-0.0449
0.0083
0.063
0.0908
0.0952
0.103
0.0859
0.0513
0.001
-0.063
-0.1201
-0.1826
-0.2451
-0.3003
-0.3467
-0.3667
-0.3784
-0.377
-0.3633
-0.3257
-0.2988
-0.2461
-0.1943
-0.1455
-0.1108
-0.0752
-0.0439
-0.0283
-0.0366
-0.0562
-0.0864
-0.1289
-0.187
-0.25
-0.3174
-0.373
-0.4312
-0.4736
-0.5132
-0.5249
-0.5205
-0.5093
-0.4683
-0.4277
-0.3745
-0.3066
-0.2422
-0.1768
-0.1055
-0.0425
0.0132
0.0586
0.1011
0.1123
0.1035
0.0845
0.0537
0.0015
-0.0645
-0.1147
-0.1821
-0.2422
-0.29
-0.3369
-0.376
-0.3813
-0.377
-0.3604
-0.333
-0.2974
-0.2373
-0.189
-0.1426
-0.0947
-0.0664
-0.04
-0.0273
-0.0254
-0.0542
-0.0801
-0.1162
-0.1797
-0.2485
-0.3174
-0.3779
-0.4277
-0.4727
-0.5034
-0.5234
-0.5273
-0.501
-0.4707
-0.4409
-0.3813
-0.3237
-0.2476
-0.1724
-0.1089
-0.0552
0.0122
0.062
0.0952
0.1147
0.104
0.0859
0.0625
-0.0005
-0.0601
-0.1206
-0.1802
-0.2456
-0.2979
-0.3442
-0.3623
-0.3691
-0.3687
-0.3677
-0.3159
-0.2832
-0.2329
-0.1914
-0.146
-0.105
-0.0688
-0.042
-0.0288
-0.0332
-0.0522
-0.0801
-0.1216
-0.1782
-0.2515
-0.3159
-0.3687
-0.4229
-0.4746
-0.5059
-0.522
-0.5176
-0.4941
-0.4688
-0.4336
-0.375
-0.3081
-0.2363
-0.1743
-0.1006
-0.042
0.0308
0.0659
0.0991
0.1069
0.0986
0.0864
0.0474
-0.0068
-0.0659
-0.127
-0.1846
-0.2573
-0.3052
-0.3442
-0.3696
-0.3716
-0.3652
-0.3555
-0.3213
-0.2827
-0.2261
-0.1846
-0.1367
-0.0879
-0.0557
-0.0332
-0.0176
-0.0313
-0.0488
-0.0864
-0.1235
-0.1929
-0.2573
-0.3262
-0.3711
-0.4272
-0.4727
-0.5171
-0.5171
-0.519
-0.4966
-0.4648
-0.4243
-0.3506
-0.2998
-0.2329
-0.1519
-0.0981
-0.0425
0.0259
0.0684
0.1016
0.1074
0.1069
0.0786
0.0439
-0.0103
-0.0723
-0.1382
-0.1992
-0.2568
-0.311
-0.3447
-0.3716
-0.3809
-0.3682
-0.3394
-0.313
-0.2666
-0.2192
-0.167
-0.1226
-0.0869
-0.0547
-0.0288
-0.0234
-0.0371
-0.0562
-0.0981
-0.1421
-0.1968
-0.2739
-0.3296
-0.3877
-0.438
-0.4878
-0.5122
-0.5205
-0.5132
-0.4907
-0.4585
-0.4146
-0.3511
-0.2808
-0.2173
-0.147
-0.0933
-0.0146
0.0371
0.0776
0.0962
0.1104
0.0928
0.0728
0.0415
-0.0293
-0.0928
-0.1587
-0.21
-0.2632
-0.313
-0.3521
-0.3691
-0.3706
-0.3647
-0.3501
-0.314
-0.2734
-0.209
-0.1714
-0.1348
-0.0894
-0.0518
-0.0322
-0.0229
-0.0273
-0.062
-0.0981
-0.144
-0.2046
-0.2837
-0.3418
-0.3965
-0.4448
-0.4829
-0.5063
-0.5146
-0.5078
-0.479
-0.4487
-0.3931
-0.3438
-0.2749
-0.1958
-0.1328
-0.0659
-0.0107
0.0439
0.0938
0.1113
0.1084
0.0928
0.0684
0.0264
-0.0361
-0.0986
-0.1587
-0.2148
-0.2803
-0.3193
-0.355
-0.377
-0.375
-0.3608
-0.3384
-0.3076
-0.2568
-0.2153
-0.1611
-0.1177
-0.0723
-0.0474
-0.0288
-0.0215
-0.0454
-0.0684
-0.1021
-0.1543
-0.2183
-0.2886
-0.3467
-0.3984
-0.4473
-0.4907
-0.5103
-0.5132
-0.4985
-0.4775
-0.438
-0.3921
-0.3257
-0.2627
-0.1929
-0.1221
-0.062
-0.0015
0.0581
0.0869
0.1157
0.1167
0.0991
0.0737
0.0181
-0.0396
-0.1006
-0.1602
-0.2207
-0.2598
-0.3174
-0.3521
-0.3662
-0.3657
-0.3599
-0.3296
-0.2866
-0.249
-0.1963
-0.145
-0.1113
-0.0664
-0.0405
-0.0239
-0.0132
-0.0386
-0.0659
-0.0991
-0.1562
-0.2241
-0.2866
-0.3594
-0.4053
-0.4492
-0.4849
-0.5049
-0.5117
-0.502
-0.4688
-0.438
-0.3945
-0.3384
-0.2681
-0.1846
-0.1201
-0.061
-0.0015
0.0493
0.0845
0.1069
0.1094
0.1006
0.0664
0.0264
-0.0381
-0.1074
-0.1621
-0.2227
-0.2827
-0.3267
-0.3594
-0.375
-0.3774
-0.3555
-0.3438
-0.3008
-0.2524
-0.1978
-0.1587
-0.1099
-0.0752
-0.0391
-0.0264
-0.0186
-0.0474
-0.0664
-0.105
-0.1572
-0.2261
-0.2856
-0.3462
-0.4009
-0.4536
-0.4907
-0.5205
-0.5195
-0.4946
-0.4785
-0.437
-0.3892
-0.3345
-0.2588
-0.1958
-0.1221
-0.0596
-0.002
0.0586
0.0859
0.1157
0.1147
0.0962
0.0776
0.0171
-0.0356
-0.0977
-0.1519
-0.2241
-0.2783
-0.3149
-0.3584
-0.3652
-0.3599
-0.3511
-0.3369
-0.2983
-0.2422
-0.2021
-0.1523
-0.1006
-0.0757
-0.042
-0.0146
-0.0225
-0.0269
-0.0518
-0.1001
-0.1543
-0.2114
-0.2822
-0.3354
-0.3906
-0.4482
-0.4839
-0.5088
-0.5049
-0.5049
-0.4868
-0.4448
-0.3975
-0.3228
-0.2729
-0.189
-0.1172
-0.0552
0.0029
0.0557
0.0938
0.1162
0.1162
0.1011
0.0767
0.0352
-0.0239
-0.083
-0.1436
-0.207
-0.271
-0.3203
-0.3564
-0.373
-0.3687
-0.3613
-0.3354
-0.3047
-0.2573
-0.207
-0.1655
-0.1226
-0.083
-0.0391
-0.0259
-0.0273
-0.0391
-0.0591
-0.0854
-0.1362
-0.2085
-0.2773
-0.3359
-0.3896
-0.4541
-0.4893
-0.5107
-0.5254
-0.5107
-0.4868
-0.4414
-0.4116
-0.3501
-0.2861
-0.2202
-0.1519
-0.0767
-0.0254
0.0356
0.0767
0.0972
0.1035
0.0933
0.0752
0.0376
-0.0215
-0.0894
-0.1401
-0.2056
-0.2612
-0.3115
-0.3564
-0.375
-0.377
-0.3618
-0.3384
-0.3105
-0.2612
-0.2114
-0.1616
-0.1187
-0.0786
-0.0522
-0.0293
-0.0142
-0.0347
-0.0552
-0.084
-0.1401
-0.1963
-0.2729
-0.333
-0.3833
-0.4351
-0.4844
-0.5054
-0.5107
-0.5103
-0.4858
-0.4453
-0.415
-0.3438
-0.2861
-0.2168
-0.1406
-0.0884
-0.0176
0.042
0.0864
0.1045
0.1079
0.1006
0.082
0.0381
-0.0107
-0.0747
-0.1323
-0.1958
-0.2676
-0.313
-0.3496
-0.3721
-0.375
-0.3706
-0.3501
-0.3145
-0.2622
-0.2266
-0.1797
-0.1304
-0.085
-0.0513
-0.0225
-0.02
-0.0264
-0.0508
-0.0815
-0.1289
-0.1948
-0.2637
-0.313
-0.3857
-0.4346
-0.4756
-0.5039
-0.5181
-0.5103
-0.4956
-0.4653
-0.4155
-0.353
-0.2964
-0.2153
-0.1484
-0.085
-0.0146
0.0415
0.0864
0.1025
0.1221
0.1045
0.082
0.0439
-0.0112
-0.0679
-0.1304
-0.187
-0.2476
-0.2939
-0.3408
-0.3569
-0.3608
-0.3608
-0.3467
-0.3179
-0.2671
-0.2197
-0.1733
-0.124
-0.0854
-0.0527
-0.0381
-0.0142
-0.0234
-0.043
-0.0752
-0.1279
-0.1851
-0.2544
-0.3135
-0.373
-0.4316
-0.478
-0.502
-0.5127
-0.5024
-0.4814
-0.4561
-0.4053
-0.3569
-0.2939
-0.2285
-0.1455
-0.0962
-0.0303
0.0322
0.0742
0.0981
0.1123
0.1074
0.0845
0.0557
-0.0073
-0.0737
-0.1377
-0.2002
-0.2637
-0.3145
-0.3491
-0.374
-0.3789
-0.3706
-0.3423
-0.3154
-0.2646
-0.2148
-0.1699
-0.127
-0.082
-0.0469
-0.019
-0.0186
-0.0259
-0.0498
-0.0879
-0.1343
-0.188
-0.2656
-0.3252
-0.3848
-0.4341
-0.4771
-0.5073
-0.5063
-0.5039
-0.4819
-0.4551
-0.4067
-0.3516
-0.2876
-0.2144
-0.1479
-0.0811
-0.0151
0.0435
0.0874
0.1123
0.1113
0.1035
0.0918
0.0562
-0.0049
-0.0635
-0.1284
-0.189
-0.252
-0.3032
-0.3447
-0.3652
-0.3638
-0.3574
-0.333
-0.3125
-0.269
-0.2197
-0.1729
-0.126
-0.0859
-0.0449
-0.0239
-0.0215
-0.0327
-0.0503
-0.0786
-0.1343
-0.1934
-0.2666
-0.3179
-0.3862
-0.4312
-0.4736
-0.5049
-0.5088
-0.5244
-0.499
-0.4531
-0.4155
-0.3535
-0.2935
-0.228
-0.1572
-0.0859
-0.0332
0.022
0.0742
0.103
0.106
0.1118
0.0859
0.0435
-0.0127
-0.0688
-0.1265
-0.1909
-0.2573
-0.3062
-0.3506
-0.373
-0.373
-0.3662
-0.3535
-0.3154
-0.2617
-0.2217
-0.1733
-0.1372
-0.0854
-0.0439
-0.0313
-0.0161
-0.0332
-0.0474
-0.0884
-0.1343
-0.1934
-0.2695
-0.3281
-0.3872
-0.4331
-0.4678
-0.4937
-0.5112
-0.5073
-0.4883
-0.4565
-0.4165
-0.3389
-0.293
-0.2178
-0.1445
-0.0967
-0.0146
0.0464
0.0737
0.0996
0.1147
0.1094
0.085
0.0415
-0.0093
-0.0747
-0.1348
-0.1968
-0.2578
-0.312
-0.3564
-0.3677
-0.3789
-0.373
-0.3516
-0.3188
-0.2681
-0.2139
-0.1626
-0.1177
-0.082
-0.0537
-0.0303
-0.021
-0.0327
-0.0571
-0.0869
-0.1465
-0.2173
-0.2749
-0.3311
-0.3892
-0.4424
-0.4766
-0.5181
-0.522
-0.5039
-0.4824
-0.4502
-0.4121
-0.3462
-0.2935
-0.2124
-0.1411
-0.0796
-0.02
0.0439
0.0815
0.1069
0.1045
0.0894
0.0737
0.0342
-0.0313
-0.084
-0.1426
-0.2085
-0.2612
-0.3145
-0.3535
-0.3779
-0.374
-0.374
-0.3477
-0.3096
-0.2568
-0.2178
-0.1709
-0.1255
-0.0859
-0.0488
-0.0127
-0.0166
-0.0405
-0.061
-0.0967
-0.1543
-0.2187
-0.2856
-0.3379
-0.3916
-0.4448
-0.4922
-0.5068
-0.5181
-0.5073
-0.479
-0.4395
-0.3979
-0.3389
-0.2773
-0.2021
-0.1343
-0.0664
-0.0171
0.0488
0.0869
0.1143
0.1221
0.1074
0.0854
0.0396
-0.0249
-0.0879
-0.144
-0.208
-0.2661
-0.3208
-0.3491
-0.374
-0.3672
-0.3594
-0.3496
-0.3096
-0.2588
-0.2056
-0.165
-0.1172
-0.0771
-0.043
-0.0288
-0.0249
-0.0322
-0.062
-0.1011
-0.1543
-0.2124
-0.2808
-0.3467
-0.3975
-0.4497
-0.4932
-0.5088
-0.5186
-0.5039
-0.4829
-0.4453
-0.4009
-0.3374
-0.2778
-0.2061
-0.1294
-0.0737
-0.0093
0.0518
0.084
0.1094
0.1172
0.1074
0.0776
0.0361
-0.0347
-0.0938
-0.1445
-0.2017
-0.2642
-0.3223
-0.3486
-0.3677
-0.3706
-0.3711
-0.3452
-0.3047
-0.2549
-0.208
-0.1602
-0.127
-0.082
-0.041
-0.0195
-0.0244
-0.0303
-0.0527
-0.0732
-0.1416
-0.2075
-0.2749
-0.3413
-0.3838
-0.4429
-0.4771
-0.5039
-0.5083
-0.5122
-0.4883
-0.4497
-0.4077
-0.3359
-0.269
-0.2056
-0.1304
-0.0674
-0.0103
0.0464
0.0854
0.1089
0.1187
0.0996
0.0723
0.0425
-0.021
-0.0884
-0.1499
-0.1938
-0.2671
-0.3149
-0.356
-0.373
-0.3721
-0.3628
-0.3359
-0.3101
-0.2583
-0.2095
-0.165
-0.1128
-0.0703
-0.0454
-0.0278
-0.0142
-0.0376
-0.0513
-0.0913
-0.1401
-0.209
-0.269
-0.3394
-0.3833
-0.439
-0.4785
-0.5054
-0.5137
-0.4961
-0.4775
-0.4419
-0.3945
-0.3335
-0.269
-0.1943
-0.1235
-0.0703
-0.0063
0.0444
0.0894
0.106
0.1104
0.1025
0.0811
0.0327
-0.0278
-0.0894
-0.1333
-0.2114
-0.269
-0.3198
-0.3525
-0.3721
-0.374
-0.3677
-0.3398
-0.3115
-0.2568
-0.2095
-0.1626
-0.1196
-0.0801
-0.0435
-0.0278
-0.0234
-0.0327
-0.0547
-0.1011
-0.1543
-0.2178
-0.2817
-0.3394
-0.396
-0.4478
-0.4976
-0.5205
-0.5303
-0.5127
-0.4795
-0.4419
-0.3931
-0.3276
-0.2686
-0.1938
-0.1304
-0.0693
0
0.0576
0.0933
0.1191
0.1182
0.0981
0.0752
0.0356
-0.0288
-0.0825
-0.1431
-0.2139
-0.2681
-0.3203
-0.3481
-0.3765
-0.3735
-0.3613
-0.3359
-0.2949
-0.2544
-0.2031
-0.1558
-0.1216
-0.0747
-0.0361
-0.0186
-0.0229
-0.0332
-0.064
-0.1064
-0.1602
-0.2202
-0.2744
-0.3428
-0.3989
-0.4521
-0.4839
-0.5137
-0.5117
-0.5039
-0.4814
-0.439
-0.4043
-0.3394
-0.2832
-0.2119
-0.1348
-0.0791
-0.0117
0.0444
0.083
0.1104
0.1099
0.1045
0.0806
0.0322
-0.0234
-0.0864
-0.1445
-0.2095
-0.2622
-0.311
-0.3608
-0.3696
-0.3687
-0.3604
-0.3354
-0.3081
-0.2563
-0.2021
-0.1592
-0.1182
-0.0806
-0.0449
-0.0225
-0.0283
-0.0342
-0.0659
-0.0957
-0.1499
-0.2153
-0.2754
-0.3384
-0.3931
-0.4482
-0.4907
-0.5078
-0.5132
-0.5024
-0.4805
-0.4385
-0.3877
-0.3359
-0.2759
-0.1997
-0.1362
-0.0679
0
0.0439
0.083
0.1074
0.1094
0.105
0.0757
0.0386
-0.0313
-0.0854
-0.1445
-0.2148
-0.2646
-0.3174
-0.3584
-0.3735
-0.3804
-0.3657
-0.3354
-0.3022
-0.2637
-0.2129
-0.1641
-0.123
-0.0767
-0.042
-0.0303
-0.0239
-0.0405
-0.0664
-0.1001
-0.1436
-0.2173
-0.2793
-0.3335
-0.3921
-0.4414
-0.4956
-0.5156
-0.521
-0.5146
-0.4814
-0.4336
-0.395
-0.3306
-0.269
-0.1987
-0.1323
-0.0737
-0.019
0.0547
0.0825
0.1123
0.1104
0.0991
0.0786
0.0342
-0.0327
-0.0889
-0.1528
-0.2085
-0.2744
-0.3203
-0.3535
-0.373
-0.3706
-0.356
-0.3403
-0.3018
-0.2583
-0.2046
-0.1606
-0.1187
-0.0718
-0.043
-0.0273
-0.0181
-0.0259
-0.0576
-0.0918
-0.1509
-0.2153
-0.2749
-0.3394
-0.3931
-0.4443
-0.479
-0.5083
-0.5122
-0.4951
-0.4868
-0.4512
-0.4111
-0.3335
-0.2827
-0.2036
-0.1382
-0.0718
-0.0171
0.0474
0.0864
0.1089
0.1099
0.1011
0.0718
0.0215
-0.0396
-0.0962
-0.1553
-0.2114
-0.2637
-0.3179
-0.3564
-0.3716
-0.377
-0.3662
-0.3423
-0.3037
-0.252
-0.209
-0.1621
-0.1206
-0.0767
-0.043
-0.0225
-0.0186
-0.04
-0.0625
-0.0972
-0.1582
-0.2212
-0.2832
-0.3452
-0.3945
-0.4517
-0.4893
-0.5093
-0.521
-0.5073
-0.4746
-0.4351
-0.3955
-0.333
-0.2754
-0.1992
-0.1323
-0.0679
-0.0156
0.0513
0.0869
0.1123
0.1045
0.1079
0.0806
0.0352
-0.0244
-0.083
-0.1475
-0.2139
-0.2642
-0.3237
-0.356
-0.3677
-0.3682
-0.3525
-0.3286
-0.2988
-0.2437
-0.1948
-0.1548
-0.1128
-0.0752
-0.0361
-0.019
-0.019
-0.0376
-0.0596
-0.1025
-0.1489
-0.2158
-0.2813
-0.3379
-0.3892
-0.4399
-0.4707
-0.5063
-0.5068
-0.5
-0.4814
-0.4302
-0.3945
-0.3213
-0.2617
-0.1914
-0.1265
-0.0693
-0.0024
0.0601
0.0894
0.1182
0.1138
0.103
0.0781
0.0371
-0.0293
-0.0957
-0.1479
-0.21
-0.2681
-0.3159
-0.3506
-0.3657
-0.3662
-0.3579
-0.3306
-0.2959
-0.2417
-0.1948
-0.1489
-0.103
-0.0674
-0.0332
-0.0156
-0.0181
-0.0366
-0.0625
-0.1147
-0.1919
-0.2822
-0.3564
-0.416
-0.4717
-0.5161
-0.5073
-0.4907
-0.4355
-0.3481
-0.2671
-0.1772
-0.0752
0.0073
0.0757
0.1055
0.1069
0.0679
-0.0044
-0.0981
-0.1973
-0.2822
-0.3457
-0.3682
-0.3638
-0.3267
-0.2661
-0.2002
-0.1318
-0.0645
-0.0239
-0.0239
-0.061
-0.1196
-0.2046
-0.3022
-0.4033
-0.478
-0.5156
-0.52
-0.4722
-0.395
-0.3145
-0.2026
-0.1001
0.0078
0.0732
0.1006
0.103
0.0596
-0.0239
-0.1304
-0.2217
-0.3003
-0.3486
-0.3726
-0.3501
-0.3066
-0.2417
-0.1597
-0.0908
-0.0298
-0.0249
-0.0479
-0.0986
-0.1816
-0.2852
-0.4048
-0.48
-0.5156
-0.5273
-0.4741
-0.3838
-0.2993
-0.1958
-0.0967
0.0181
0.0825
0.1074
0.1016
0.0435
-0.041
-0.1436
-0.2422
-0.3198
-0.3726
-0.3809
-0.335
-0.292
-0.2153
-0.1455
-0.0825
-0.0283
-0.0181
-0.0591
-0.1191
-0.1885
-0.2954
-0.4136
-0.4834
-0.5137
-0.5156
-0.4634
-0.3755
-0.2964
-0.1953
-0.1025
0.022
0.0806
0.1069
0.0952
0.0625
-0.02
-0.127
-0.2339
-0.3037
-0.3579
-0.3745
-0.3501
-0.2881
-0.2236
-0.1597
-0.0859
-0.0337
-0.0127
-0.0405
-0.1094
-0.1758
-0.2671
-0.3833
-0.4634
-0.5088
-0.5259
-0.4834
-0.3999
-0.3052
-0.2065
-0.1001
0.0083
0.0757
0.1108
0.1069
0.0649
-0.0195
-0.1255
-0.2163
-0.2983
-0.3643
-0.377
-0.3457
-0.2993
-0.2349
-0.1597
-0.0913
-0.042
-0.0273
-0.0562
-0.0996
-0.1899
-0.2886
-0.4009
-0.4883
-0.5186
-0.521
-0.4751
-0.3872
-0.2983
-0.2017
-0.0913
0.0195
0.0771
0.1089
0.1025
0.0474
-0.0381
-0.146
-0.2368
-0.3184
-0.3594
-0.3745
-0.3462
-0.2764
-0.2197
-0.1562
-0.082
-0.0308
-0.0254
-0.0557
-0.123
-0.2036
-0.2964
-0.416
-0.4883
-0.5151
-0.519
-0.4702
-0.3813
-0.2827
-0.1904
-0.0898
0.0288
0.0894
0.1167
0.0957
0.0581
-0.0352
-0.1387
-0.231
-0.314
-0.3638
-0.3745
-0.3433
-0.2896
-0.2212
-0.1558
-0.0786
-0.0269
-0.0195
-0.0488
-0.1011
-0.1826
-0.2876
-0.4014
-0.4751
-0.5171
-0.5239
-0.4741
-0.3818
-0.2905
-0.2021
-0.1006
0.0122
0.085
0.1099
0.1118
0.0654
-0.0259
-0.1343
-0.2231
-0.3096
-0.3618
-0.3623
-0.3403
-0.2861
-0.2187
-0.1558
-0.0791
-0.0327
-0.0171
-0.0483
-0.1084
-0.1753
-0.2837
-0.395
-0.4795
-0.52
-0.519
-0.4771
-0.3882
-0.3042
-0.2021
-0.0977
0.0073
0.083
0.1133
0.0986
0.0654
-0.0181
-0.1309
-0.2266
-0.311
-0.3677
-0.373
-0.3481
-0.2954
-0.2305
-0.1577
-0.0952
-0.0391
-0.0049
-0.0469
-0.0947
-0.1704
-0.27
-0.3877
-0.4692
-0.5171
-0.52
-0.4766
-0.3921
-0.3022
-0.2114
-0.1147
0.0054
0.0786
0.1138
0.1152
0.0688
-0.0151
-0.1118
-0.2183
-0.2974
-0.3452
-0.3794
-0.3516
-0.2939
-0.2324
-0.1582
-0.0967
-0.0405
-0.0088
-0.0288
-0.1025
-0.1743
-0.2681
-0.3833
-0.4741
-0.5039
-0.5215
-0.4761
-0.3945
-0.3013
-0.1943
-0.1074
0.0078
0.083
0.1113
0.1084
0.0757
-0.0151
-0.1172
-0.2197
-0.3052
-0.3521
-0.3682
-0.3496
-0.2983
-0.2266
-0.1553
-0.0879
-0.0327
-0.0117
-0.0415
-0.0874
-0.1719
-0.2681
-0.3794
-0.457
-0.5117
-0.5234
-0.4795
-0.4004
-0.2949
-0.2158
-0.1084
-0.0034
0.0806
0.1089
0.104
0.0732
-0.0146
-0.1157
-0.2109
-0.2964
-0.3486
-0.3647
-0.3564
-0.2969
-0.2314
-0.1665
-0.0854
-0.0337
-0.0093
-0.0386
-0.0947
-0.1733
-0.2686
-0.376
-0.459
-0.4976
-0.5107
-0.4805
-0.3989
-0.3105
-0.2178
-0.1206
0.0029
0.0796
0.1167
0.1113
0.0728
0.002
-0.1011
-0.2114
-0.2881
-0.3491
-0.3613
-0.3428
-0.2959
-0.23
-0.1738
-0.0923
-0.0356
-0.0049
-0.0283
-0.0874
-0.1548
-0.2402
-0.3584
-0.457
-0.4995
-0.502
-0.4761
-0.3911
-0.2861
-0.1924
-0.1006
0.0034
0.0864
0.1201
0.1147
0.0806
-0.002
-0.1079
-0.2134
-0.291
-0.3472
-0.3662
-0.3516
-0.2954
-0.2329
-0.165
-0.0879
-0.0337
-0.0112
-0.0239
-0.0864
-0.1538
-0.2554
-0.3643
-0.4585
-0.4961
-0.5195
-0.4824
-0.4033
-0.3027
-0.2173
-0.1206
-0.0127
0.0684
0.1123
0.106
0.0776
-0.0024
-0.103
-0.2036
-0.2896
-0.3467
-0.3618
-0.3389
-0.2969
-0.2246
-0.1602
-0.0894
-0.0313
-0.0088
-0.0244
-0.084
-0.1558
-0.2651
-0.3838
-0.4678
-0.5073
-0.5269
-0.4868
-0.4028
-0.312
-0.2295
-0.1245
-0.0103
0.0669
0.0981
0.104
0.0664
-0.0176
-0.1187
-0.2217
-0.3101
-0.3511
-0.3721
-0.3569
-0.2944
-0.2275
-0.1694
-0.0908
-0.0317
-0.0244
-0.0498
-0.1147
-0.189
-0.292
-0.3989
-0.4907
-0.5264
-0.5239
-0.4878
-0.3848
-0.2944
-0.1992
-0.0903
0.0083
0.082
0.1099
0.0977
0.0566
-0.0366
-0.1514
-0.2383
-0.3174
-0.3721
-0.3745
-0.3506
-0.2905
-0.2241
-0.1548
-0.0938
-0.0327
-0.0259
-0.0635
-0.124
-0.207
-0.3086
-0.4214
-0.4927
-0.5249
-0.5186
-0.4634
-0.3784
-0.2959
-0.1802
-0.0767
0.0205
0.0806
0.1084
0.0947
0.0371
-0.0513
-0.1533
-0.2539
-0.3276
-0.3647
-0.374
-0.3389
-0.2773
-0.2104
-0.1455
-0.0859
-0.0225
-0.022
-0.062
-0.1187
-0.1904
-0.3022
-0.4189
-0.4863
-0.5229
-0.5195
-0.459
-0.3643
-0.2876
-0.1792
-0.0806
0.0308
0.0938
0.1118
0.105
0.043
-0.0566
-0.1514
-0.2451
-0.3193
-0.3696
-0.375
-0.335
-0.2803
-0.2129
-0.145
-0.0762
-0.0347
-0.0303
-0.0571
-0.123
-0.2007
-0.3149
-0.4277
-0.4951
-0.5303
-0.52
-0.4653
-0.3608
-0.2681
-0.1826
-0.0605
0.0308
0.0942
0.1172
0.0928
0.0444
-0.0605
-0.1665
-0.2627
-0.3218
-0.3711
-0.3726
-0.333
-0.2803
-0.2051
-0.1255
-0.0596
-0.0283
-0.0273
-0.0728
-0.127
-0.2251
-0.3257
-0.4351
-0.5029
-0.5352
-0.5112
-0.4644
-0.3716
-0.2788
-0.1826
-0.0654
0.0264
0.0884
0.106
0.0981
0.0283
-0.0688
-0.1733
-0.2622
-0.3306
-0.377
-0.376
-0.3325
-0.2764
-0.2134
-0.1436
-0.0781
-0.0313
-0.0313
-0.0752
-0.1338
-0.2197
-0.3267
-0.4331
-0.4917
-0.5234
-0.5151
-0.4492
-0.3589
-0.2773
-0.1641
-0.0615
0.04
0.0947
0.1113
0.0845
0.0278
-0.0747
-0.1704
-0.2627
-0.3291
-0.3696
-0.3701
-0.3413
-0.2808
-0.2095
-0.1274
-0.0684
-0.0337
-0.0269
-0.0698
-0.1416
-0.2178
-0.3232
-0.4326
-0.5
-0.5117
-0.5093
-0.4526
-0.3486
-0.2646
-0.1577
-0.0635
0.0337
0.1006
0.1138
0.0898
0.0332
-0.0562
-0.167
-0.2661
-0.3281
-0.3657
-0.3667
-0.3213
-0.2642
-0.1938
-0.1299
-0.0557
-0.0215
-0.0293
-0.0703
-0.1401
-0.2261
-0.3394
-0.4492
-0.5073
-0.5122
-0.5073
-0.4385
-0.3452
-0.2559
-0.1543
-0.0415
0.0439
0.0889
0.1069
0.0942
0.0215
-0.0845
-0.189
-0.269
-0.332
-0.374
-0.3726
-0.3193
-0.2593
-0.1982
-0.127
-0.062
-0.0249
-0.0332
-0.0762
-0.1484
-0.2241
-0.3506
-0.4458
-0.499
-0.5249
-0.4941
-0.4385
-0.3325
-0.2529
-0.1528
-0.0317
0.0503
0.1064
0.1172
0.0894
0.0103
-0.0908
-0.1914
-0.2778
-0.3477
-0.3779
-0.3662
-0.3218
-0.2583
-0.188
-0.1143
-0.0522
-0.0229
-0.0313
-0.0718
-0.1538
-0.2437
-0.3486
-0.4487
-0.5044
-0.5264
-0.499
-0.4199
-0.3159
-0.2329
-0.1411
-0.0322
0.0503
0.0981
0.1104
0.0825
0.0127
-0.0952
-0.1943
-0.2808
-0.3467
-0.376
-0.3706
-0.3047
-0.2412
-0.1787
-0.0967
-0.0435
-0.0264
-0.042
-0.0854
-0.165
-0.2578
-0.3687
-0.4595
-0.5117
-0.5283
-0.5029
-0.4272
-0.3203
-0.2373
-0.1343
-0.0239
0.061
0.1016
0.1143
0.0874
0.0117
-0.0962
-0.1953
-0.2798
-0.3423
-0.3701
-0.3657
-0.3188
-0.25
-0.186
-0.1152
-0.0581
-0.0195
-0.0313
-0.0869
-0.1606
-0.2515
-0.353
-0.4541
-0.5083
-0.52
-0.5059
-0.4194
-0.3364
-0.2441
-0.1475
-0.0371
0.0684
0.0996
0.1089
0.0732
0.0137
-0.0986
-0.1982
-0.2798
-0.3516
-0.3706
-0.3682
-0.3252
-0.251
-0.1807
-0.1089
-0.0483
-0.0156
-0.0332
-0.0859
-0.1655
-0.2505
-0.3604
-0.458
-0.5151
-0.5317
-0.4971
-0.4185
-0.3271
-0.2285
-0.1265
-0.0264
0.0615
0.1104
0.1167
0.085
0.0063
-0.0898
-0.1968
-0.2852
-0.3418
-0.3711
-0.3521
-0.3149
-0.2432
-0.186
-0.1006
-0.0498
-0.0181
-0.043
-0.0889
-0.1523
-0.251
-0.3687
-0.4678
-0.5059
-0.5303
-0.4873
-0.4209
-0.3267
-0.2363
-0.1309
-0.0176
0.0586
0.105
0.1152
0.0762
0.0024
-0.1138
-0.2065
-0.2935
-0.3472
-0.3853
-0.3618
-0.3145
-0.251
-0.187
-0.1074
-0.0503
-0.0264
-0.0396
-0.0952
-0.165
-0.2612
-0.3682
-0.4551
-0.5093
-0.5254
-0.4966
-0.4321
-0.3281
-0.2441
-0.1465
-0.0259
0.0591
0.106
0.1084
0.0771
-0.0093
-0.1084
-0.2056
-0.2949
-0.3555
-0.3696
-0.3594
-0.3086
-0.2476
-0.186
-0.1108
-0.0479
-0.0308
-0.0479
-0.1001
-0.1689
-0.2583
-0.3711
-0.4653
-0.5122
-0.5332
-0.5005
-0.4214
-0.3203
-0.2319
-0.1387
-0.0205
0.0796
0.1123
0.1089
0.0776
0.002
-0.1089
-0.1958
-0.2954
-0.3486
-0.374
-0.3608
-0.3101
-0.2461
-0.1792
-0.1157
-0.0513
-0.021
-0.0498
-0.1016
-0.1724
-0.2646
-0.377
-0.4722
-0.5073
-0.5229
-0.5063
-0.4268
-0.3286
-0.2314
-0.1299
-0.0146
0.0684
0.105
0.0996
0.0591
-0.02
-0.1255
-0.23
-0.312
-0.3618
-0.3838
-0.3633
-0.3027
-0.248
-0.1768
-0.1084
-0.0483
-0.0244
-0.0454
-0.0977
-0.1699
-0.27
-0.3828
-0.48
-0.5239
-0.5371
-0.5029
-0.4131
-0.3198
-0.228
-0.1357
-0.0146
0.0654
0.1011
0.0996
0.0571
-0.0239
-0.1274
-0.2266
-0.2959
-0.3628
-0.3779
-0.3574
-0.3008
-0.2461
-0.167
-0.0996
-0.0444
-0.0205
-0.0327
-0.0991
-0.1675
-0.2637
-0.3765
-0.4644
-0.5103
-0.5176
-0.4878
-0.4116
-0.3086
-0.2183
-0.1206
-0.0127
0.0674
0.0977
0.0972
0.0596
-0.0273
-0.1274
-0.2314
-0.3003
-0.3579
-0.3882
-0.3535
-0.3115
-0.2422
-0.1763
-0.105
-0.0415
-0.0254
-0.0454
-0.1084
-0.1851
-0.2832
-0.4009
-0.48
-0.5225
-0.5273
-0.4854
-0.3979
-0.3008
-0.2202
-0.1206
0.0015
0.0732
0.1099
0.1006
0.0552
-0.0352
-0.1338
-0.229
-0.312
-0.3569
-0.3823
-0.3535
-0.3115
-0.2236
-0.1621
-0.0962
-0.043
-0.0234
-0.0503
-0.1104
-0.1792
-0.2866
-0.4004
-0.4814
-0.5122
-0.5317
-0.4917
-0.4053
-0.3047
-0.2139
-0.1118
-0.0059
0.0737
0.1064
0.0928
0.0503
-0.0371
-0.1318
-0.2241
-0.3086
-0.3652
-0.3804
-0.3438
-0.2993
-0.2314
-0.1626
-0.0903
-0.0439
-0.0283
-0.0537
-0.124
-0.1895
-0.2856
-0.4019
-0.4844
-0.5259
-0.5225
-0.4819
-0.3892
-0.3008
-0.207
-0.1001
0.0151
0.0786
0.1069
0.1069
0.0498
-0.042
-0.1289
-0.2393
-0.313
-0.3589
-0.3765
-0.3477
-0.291
-0.2319
-0.1509
-0.0908
-0.0366
-0.0356
-0.0664
-0.1128
-0.2012
-0.2993
-0.4097
-0.4824
-0.5171
-0.5239
-0.4736
-0.3853
-0.2881
-0.1943
-0.0845
0.0151
0.082
0.1133
0.0933
0.0391
-0.0522
-0.1562
-0.2539
-0.3218
-0.3701
-0.3691
-0.3452
-0.2842
-0.2207
-0.1533
-0.085
-0.0386
-0.0332
-0.0601
-0.126
-0.208
-0.3159
-0.4194
-0.5029
-0.5264
-0.5225
-0.4751
-0.376
-0.293
-0.2002
-0.0884
0.0186
0.0781
0.1079
0.0923
0.043
-0.0562
-0.1553
-0.2549
-0.3208
-0.374
-0.3745
-0.3521
-0.2817
-0.2227
-0.1509
-0.0835
-0.0269
-0.0347
-0.064
-0.1348
-0.2202
-0.3188
-0.4253
-0.4941
-0.5273
-0.5337
-0.4741
-0.3701
-0.2793
-0.1958
-0.0742
0.0269
0.0923
0.1167
0.0913
0.042
-0.0649
-0.1621
-0.2568
-0.3423
-0.3774
-0.3726
-0.3481
-0.2847
-0.2119
-0.1494
-0.0771
-0.0244
-0.0269
-0.0674
-0.1396
-0.2197
-0.3325
-0.4326
-0.4985
-0.5293
-0.5176
-0.4531
-0.353
-0.2671
-0.1675
-0.0688
0.0474
0.0947
0.1045
0.083
0.0317
-0.0693
-0.1777
-0.2661
-0.3428
-0.3706
-0.376
-0.3311
-0.2734
-0.2109
-0.1333
-0.0723
-0.0303
-0.0352
-0.0747
-0.1411
-0.2202
-0.3164
-0.4351
-0.5039
-0.5264
-0.5225
-0.4619
-0.3584
-0.2793
-0.1694
-0.0645
0.0298
0.0884
0.106
0.084
0.0205
-0.0752
-0.1812
-0.2705
-0.3364
-0.3657
-0.3711
-0.3232
-0.2676
-0.1963
-0.1318
-0.0659
-0.0317
-0.0366
-0.0752
-0.1396
-0.2285
-0.3408
-0.4438
-0.5005
-0.5259
-0.5132
-0.4458
-0.354
-0.271
-0.1709
-0.0586
0.04
0.0962
0.1143
0.0869
0.0278
-0.0752
-0.1797
-0.2686
-0.3315
-0.3696
-0.3721
-0.3335
-0.269
-0.1978
-0.1299
-0.061
-0.0239
-0.0278
-0.0815
-0.1509
-0.2314
-0.3462
-0.4468
-0.5088
-0.5283
-0.5078
-0.4556
-0.3608
-0.2725
-0.1704
-0.0537
0.04
0.0938
0.1035
0.0811
0.0103
-0.0874
-0.1865
-0.2788
-0.3457
-0.3755
-0.3755
-0.334
-0.2754
-0.2021
-0.1333
-0.0522
-0.0205
-0.0337
-0.0801
-0.1436
-0.2329
-0.3491
-0.4478
-0.4956
-0.5176
-0.499
-0.4346
-0.3379
-0.2578
-0.1577
-0.0483
0.0518
0.1001
0.1069
0.0859
0.0205
-0.084
-0.1909
-0.2749
-0.3379
-0.374
-0.3618
-0.3257
-0.2495
-0.1821
-0.1299
-0.0659
-0.0293
-0.04
-0.0898
-0.167
-0.2588
-0.3643
-0.457
-0.521
-0.5171
-0.5156
-0.4424
-0.3291
-0.2485
-0.1362
-0.0273
0.0601
0.1138
0.1138
0.0752
0.0029
-0.1064
-0.1963
-0.2842
-0.3511
-0.3804
-0.3564
-0.3237
-0.2539
-0.189
-0.1211
-0.0635
-0.0347
-0.0454
-0.0908
-0.1631
-0.248
-0.3696
-0.4634
-0.5117
-0.5264
-0.5054
-0.4282
-0.3237
-0.2466
-0.1411
-0.0269
0.0493
0.0952
0.1108
0.0811
0.0093
-0.0952
-0.2036
-0.29
-0.3496
-0.3799
-0.3594
-0.3149
-0.2573
-0.1904
-0.1147
-0.0508
-0.0264
-0.0352
-0.0933
-0.1704
-0.2632
-0.3623
-0.4639
-0.5166
-0.519
-0.5029
-0.4224
-0.3198
-0.2358
-0.1343
-0.0249
0.0596
0.1045
0.1055
0.0815
-0.0024
-0.0986
-0.1973
-0.2969
-0.3594
-0.3799
-0.3672
-0.3091
-0.2461
-0.1758
-0.1143
-0.0493
-0.0273
-0.0425
-0.0952
-0.165
-0.2622
-0.3721
-0.4707
-0.5107
-0.5293
-0.5063
-0.4199
-0.3149
-0.2344
-0.1206
-0.0137
0.0703
0.1079
0.0957
0.0674
-0.021
-0.1147
-0.2168
-0.3018
-0.3623
-0.3862
-0.3613
-0.3096
-0.2495
-0.1748
-0.1016
-0.0469
-0.0137
-0.0361
-0.0923
-0.1714
-0.2622
-0.3672
-0.4697
-0.5117
-0.5283
-0.4971
-0.4287
-0.3237
-0.2378
-0.1431
-0.0332
0.0557
0.0986
0.0991
0.0708
-0.0083
-0.1094
-0.207
-0.2998
-0.355
-0.3818
-0.3667
-0.3232
-0.2695
-0.1934
-0.1104
-0.0664
-0.0322
-0.0483
-0.0942
-0.1665
-0.2622
-0.3721
-0.4678
-0.5161
-0.5278
-0.5122
-0.4302
-0.3389
-0.251
-0.147
-0.0386
0.0547
0.104
0.1133
0.0859
0.0146
-0.0869
-0.1943
-0.2764
-0.3472
-0.3735
-0.3633
-0.314
-0.2388
-0.1763
-0.0996
-0.0356
-0.0288
-0.0771
-0.1533
-0.2622
-0.3677
-0.4834
-0.5303
-0.5156
-0.437
-0.3223
-0.1816
-0.0483
0.0596
0.103
0.083
-0.0127
-0.1372
-0.2617
-0.3477
-0.3706
-0.3423
-0.2627
-0.1743
-0.0806
-0.0303
-0.0356
-0.1206
-0.229
-0.3579
-0.4639
-0.5229
-0.5059
-0.4409
-0.3159
-0.1689
-0.0444
0.0625
0.1099
0.0767
-0.0195
-0.1523
-0.271
-0.355
-0.3789
-0.3438
-0.2617
-0.1592
-0.0801
-0.0352
-0.0586
-0.1396
-0.2563
-0.3818
-0.4932
-0.5229
-0.4863
-0.4048
-0.2632
-0.1289
0.0098
0.0928
0.1064
0.0645
-0.0576
-0.1948
-0.3208
-0.376
-0.3672
-0.2896
-0.2119
-0.1157
-0.04
-0.0239
-0.0757
-0.1875
-0.3203
-0.4448
-0.5156
-0.5137
-0.4434
-0.3154
-0.1934
-0.0459
0.0669
0.106
0.082
-0.0083
-0.1289
-0.2612
-0.3589
-0.375
-0.3433
-0.2725
-0.1846
-0.0898
-0.0435
-0.0479
-0.1104
-0.2222
-0.3457
-0.4688
-0.5171
-0.5098
-0.4287
-0.3257
-0.187
-0.0479
0.0586
0.1069
0.0859
0.0088
-0.1182
-0.2544
-0.3403
-0.3657
-0.3506
-0.2886
-0.1953
-0.1001
-0.0342
-0.0425
-0.0991
-0.1997
-0.3262
-0.438
-0.5146
-0.5317
-0.4678
-0.3657
-0.2354
-0.0957
0.0376
0.0972
0.0986
0.0396
-0.0771
-0.208
-0.3125
-0.3682
-0.3667
-0.3057
-0.2207
-0.126
-0.0483
-0.0254
-0.0684
-0.165
-0.2764
-0.4082
-0.4976
-0.521
-0.481
-0.3794
-0.2539
-0.123
0.0151
0.0933
0.1064
0.0566
-0.0615
-0.1802
-0.3062
-0.3794
-0.3701
-0.3281
-0.2261
-0.145
-0.0669
-0.0293
-0.0581
-0.1426
-0.2627
-0.3809
-0.48
-0.521
-0.4922
-0.4053
-0.292
-0.1548
-0.0142
0.082
0.1074
0.062
-0.0361
-0.167
-0.2852
-0.3608
-0.3828
-0.3394
-0.2568
-0.1626
-0.0879
-0.0396
-0.0508
-0.1245
-0.2314
-0.3579
-0.4697
-0.5161
-0.4976
-0.4326
-0.3086
-0.1616
-0.0405
0.0737
0.1104
0.0752
-0.0156
-0.1406
-0.2671
-0.356
-0.3701
-0.3462
-0.2686
-0.1641
-0.0859
-0.0293
-0.041
-0.1128
-0.2207
-0.3384
-0.4634
-0.5264
-0.5039
-0.4434
-0.3169
-0.1782
-0.0479
0.0645
0.1035
0.0889
0.0034
-0.126
-0.2529
-0.3379
-0.3784
-0.3521
-0.2725
-0.1782
-0.0908
-0.0342
-0.0293
-0.1021
-0.2046
-0.3301
-0.4365
-0.5098
-0.5112
-0.4536
-0.332
-0.2026
-0.0737
0.061
0.1143
0.1045
0.0093
-0.1113
-0.2432
-0.3408
-0.3745
-0.3589
-0.291
-0.1992
-0.1104
-0.0376
-0.0317
-0.083
-0.1846
-0.3164
-0.4321
-0.5039
-0.5166
-0.4697
-0.3574
-0.2085
-0.0806
0.0308
0.0977
0.085
0.0234
-0.0933
-0.2251
-0.3281
-0.376
-0.3628
-0.2915
-0.2012
-0.1099
-0.041
-0.0269
-0.0786
-0.1719
-0.2856
-0.4097
-0.5103
-0.5166
-0.48
-0.3672
-0.2446
-0.1045
0.0278
0.1104
0.1152
0.0498
-0.0605
-0.1978
-0.3135
-0.3711
-0.3657
-0.3101
-0.2227
-0.1299
-0.0469
-0.02
-0.0508
-0.1489
-0.2705
-0.3921
-0.4888
-0.5161
-0.4697
-0.374
-0.2578
-0.1206
0.022
0.0991
0.1182
0.0562
-0.0518
-0.1772
-0.2993
-0.3647
-0.3638
-0.3091
-0.2319
-0.1382
-0.0581
-0.0166
-0.0581
-0.1401
-0.2573
-0.3809
-0.4854
-0.5098
-0.4966
-0.3892
-0.272
-0.1362
0.001
0.0879
0.1118
0.0601
-0.0293
-0.1626
-0.2847
-0.3574
-0.376
-0.3242
-0.2407
-0.146
-0.0664
-0.0264
-0.0459
-0.1294
-0.2427
-0.3701
-0.4702
-0.5142
-0.4995
-0.4155
-0.2817
-0.1343
-0.0112
0.0879
0.1094
0.0737
-0.0313
-0.1621
-0.2832
-0.3545
-0.3716
-0.3218
-0.2437
-0.1479
-0.0645
-0.0234
-0.0493
-0.1284
-0.2451
-0.3726
-0.4766
-0.5205
-0.4824
-0.4111
-0.2734
-0.1382
-0.0029
0.0962
0.1069
0.0747
-0.0405
-0.167
-0.2876
-0.3579
-0.3638
-0.3198
-0.2358
-0.1387
-0.0586
-0.0161
-0.0479
-0.1294
-0.2427
-0.3755
-0.479
-0.5166
-0.4858
-0.4063
-0.2974
-0.1323
0.0049
0.0977
0.1094
0.0688
-0.0317
-0.167
-0.2935
-0.3584
-0.3691
-0.3232
-0.2412
-0.1392
-0.061
-0.0181
-0.04
-0.127
-0.2349
-0.3774
-0.4805
-0.5137
-0.4883
-0.4014
-0.2773
-0.1445
-0.0093
0.0864
0.1152
0.0791
-0.0283
-0.1602
-0.2715
-0.356
-0.3784
-0.3252
-0.2529
-0.1553
-0.0708
-0.0298
-0.0454
-0.127
-0.2339
-0.3726
-0.479
-0.5269
-0.499
-0.418
-0.2969
-0.1567
-0.021
0.0767
0.1084
0.0693
-0.0342
-0.1694
-0.2788
-0.3638
-0.376
-0.3281
-0.2446
-0.1455
-0.0762
-0.0239
-0.0513
-0.1323
-0.2397
-0.3599
-0.4751
-0.5186
-0.4961
-0.4131
-0.2832
-0.1523
-0.0068
0.0933
0.1084
0.0771
-0.0313
-0.1606
-0.2798
-0.355
-0.3853
-0.3369
-0.2559
-0.1548
-0.0684
-0.0288
-0.0469
-0.1338
-0.2422
-0.3721
-0.4839
-0.5259
-0.498
-0.4185
-0.2949
-0.1509
-0.0239
0.0815
0.1152
0.0723
-0.0361
-0.1621
-0.2817
-0.3643
-0.374
-0.332
-0.251
-0.1504
-0.0688
-0.0254
-0.0498
-0.1279
-0.2461
-0.3628
-0.4707
-0.5151
-0.4927
-0.4199
-0.2856
-0.1538
-0.0186
0.0889
0.103
0.0679
-0.0327
-0.1523
-0.2803
-0.3579
-0.3779
-0.3306
-0.2461
-0.1401
-0.0674
-0.0166
-0.0435
-0.1206
-0.249
-0.3862
-0.4819
-0.5156
-0.4888
-0.4038
-0.2871
-0.1362
0
0.0894
0.1108
0.0698
-0.0303
-0.1699
-0.2915
-0.3672
-0.3755
-0.3237
-0.2432
-0.1558
-0.0596
-0.0205
-0.041
-0.125
-0.2432
-0.3687
-0.4736
-0.5205
-0.4795
-0.4072
-0.2852
-0.1406
-0.0186
0.0933
0.1235
0.064
-0.0298
-0.1597
-0.2808
-0.3496
-0.3691
-0.3271
-0.2451
-0.1475
-0.063
-0.0239
-0.042
-0.1265
-0.2344
-0.3701
-0.4736
-0.52
-0.4932
-0.4028
-0.2896
-0.1587
-0.0068
0.084
0.1172
0.0776
-0.0225
-0.1494
-0.2686
-0.3491
-0.3672
-0.3315
-0.249
-0.1494
-0.0635
-0.0117
-0.0415
-0.1274
-0.2251
-0.3589
-0.4854
-0.5171
-0.5078
-0.418
-0.3052
-0.1626
-0.0229
0.0791
0.1084
0.0913
-0.0093
-0.1426
-0.272
-0.3501
-0.3706
-0.3301
-0.2559
-0.1553
-0.0703
-0.0186
-0.0405
-0.1289
-0.2446
-0.3613
-0.4756
-0.5234
-0.4937
-0.4102
-0.2876
-0.1416
-0.0249
0.0796
0.1104
0.0713
-0.0337
-0.1494
-0.272
-0.3516
-0.3716
-0.3281
-0.2402
-0.147
-0.064
-0.0254
-0.0459
-0.1182
-0.2349
-0.3594
-0.4629
-0.5122
-0.4961
-0.4165
-0.2876
-0.1572
-0.0132
0.0732
0.1108
0.0791
-0.0181
-0.1514
-0.2715
-0.3491
-0.3706
-0.3379
-0.2544
-0.1484
-0.0728
-0.0161
-0.0386
-0.1328
-0.2466
-0.3701
-0.4761
-0.5054
-0.4829
-0.4048
-0.269
-0.1411
-0.02
0.0889
0.1113
0.0752
-0.0205
-0.1543
-0.2759
-0.3486
-0.3755
-0.3291
-0.2432
-0.1455
-0.0659
-0.0176
-0.0488
-0.1187
-0.2266
-0.3618
-0.4678
-0.5151
-0.4922
-0.4077
-0.3032
-0.1572
-0.0098
0.083
0.1289
0.084
-0.0166
-0.1421
-0.2759
-0.3511
-0.3711
-0.3237
-0.2437
-0.1533
-0.061
-0.0215
-0.0405
-0.1191
-0.2319
-0.3594
-0.4702
-0.5146
-0.481
-0.396
-0.2764
-0.1309
-0.001
0.0854
0.1113
0.0645
-0.0396
-0.168
-0.2827
-0.3579
-0.377
-0.3306
-0.2383
-0.1543
-0.0664
-0.0259
-0.0557
-0.1201
-0.2368
-0.3657
-0.4707
-0.5186
-0.4917
-0.3975
-0.2881
-0.1499
-0.0156
0.0835
0.1099
0.0664
-0.0239
-0.1606
-0.2778
-0.3647
-0.3789
-0.3428
-0.2544
-0.1494
-0.0576
-0.0225
-0.0415
-0.1211
-0.2373
-0.3721
-0.4697
-0.5093
-0.4946
-0.4136
-0.2988
-0.1567
-0.0269
0.0767
0.1064
0.0737
-0.0249
-0.1489
-0.2739
-0.3535
-0.3696
-0.3311
-0.2554
-0.1562
-0.0767
-0.0327
-0.0444
-0.1235
-0.2339
-0.353
-0.4688
-0.5176
-0.5049
-0.438
-0.2993
-0.167
-0.0415
0.0708
0.1074
0.0737
-0.0186
-0.1392
-0.2549
-0.3516
-0.3813
-0.3442
-0.2544
-0.1675
-0.0845
-0.0342
-0.0381
-0.1123
-0.2197
-0.3325
-0.4634
-0.5117
-0.4966
-0.4336
-0.3081
-0.1592
-0.0352
0.0703
0.1138
0.0928
0.0054
-0.126
-0.2554
-0.3491
-0.3726
-0.3369
-0.2681
-0.1675
-0.0781
-0.0273
-0.0254
-0.0972
-0.2026
-0.3237
-0.4429
-0.5137
-0.498
-0.4468
-0.3247
-0.1904
-0.0562
0.0483
0.1025
0.0879
0.0195
-0.106
-0.2397
-0.3247
-0.3696
-0.3457
-0.2876
-0.1885
-0.0962
-0.0337
-0.0298
-0.0864
-0.1875
-0.3218
-0.439
-0.5132
-0.5078
-0.4468
-0.3354
-0.2046
-0.0605
0.0518
0.1069
0.1064
0.0278
-0.0923
-0.2266
-0.3262
-0.3706
-0.3525
-0.2788
-0.1909
-0.0981
-0.0322
-0.0244
-0.0815
-0.1875
-0.3018
-0.4243
-0.5034
-0.5137
-0.4585
-0.354
-0.2085
-0.0625
0.0435
0.1035
0.0962
0.0313
-0.105
-0.2261
-0.3257
-0.3667
-0.3545
-0.2798
-0.1919
-0.0898
-0.0415
-0.0186
-0.0708
-0.1758
-0.2988
-0.4219
-0.4858
-0.5068
-0.4541
-0.3462
-0.2256
-0.083
0.0474
0.1074
0.105
0.0405
-0.0786
-0.2139
-0.3193
-0.3701
-0.3667
-0.2964
-0.1987
-0.1108
-0.0469
-0.0288
-0.0732
-0.1675
-0.2886
-0.415
-0.5024
-0.5122
-0.4624
-0.3516
-0.2256
-0.0752
0.0454
0.1069
0.1123
0.0435
-0.0645
-0.2021
-0.3149
-0.3716
-0.3584
-0.2939
-0.2051
-0.1025
-0.0371
-0.0161
-0.0688
-0.1621
-0.292
-0.4224
-0.5034
-0.5161
-0.457
-0.3457
-0.2212
-0.0757
0.04
0.1094
0.1055
0.0483
-0.0859
-0.209
-0.3237
-0.3711
-0.3477
-0.2871
-0.2075
-0.1035
-0.0332
-0.0244
-0.0723
-0.1768
-0.29
-0.4248
-0.5044
-0.5215
-0.4639
-0.3691
-0.2344
-0.085
0.0405
0.105
0.1152
0.0508
-0.0571
-0.1929
-0.2988
-0.3633
-0.3511
-0.2974
-0.2051
-0.1108
-0.0352
-0.0127
-0.0645
-0.1533
-0.2656
-0.3906
-0.4824
-0.5088
-0.4644
-0.3638
-0.2295
-0.0972
0.041
0.1133
0.1167
0.0464
-0.0684
-0.1924
-0.3071
-0.3667
-0.3525
-0.2959
-0.2085
-0.1108
-0.0439
-0.0181
-0.0688
-0.1641
-0.2681
-0.3999
-0.4971
-0.5186
-0.479
-0.376
-0.2427
-0.0952
0.0278
0.1094
0.1147
0.0513
-0.0571
-0.1919
-0.2944
-0.3628
-0.3682
-0.2959
-0.21
-0.126
-0.0479
-0.0195
-0.061
-0.1592
-0.2715
-0.3955
-0.4893
-0.5078
-0.4692
-0.3779
-0.2354
-0.1021
0.0283
0.1064
0.1177
0.0469
-0.0728
-0.2061
-0.292
-0.3623
-0.3701
-0.3071
-0.207
-0.1147
-0.0435
-0.0146
-0.063
-0.1572
-0.2754
-0.4067
-0.501
-0.52
-0.4712
-0.3682
-0.2422
-0.104
0.04
0.0986
0.1069
0.0518
-0.0684
-0.2051
-0.3179
-0.3701
-0.3643
-0.2993
-0.2158
-0.1235
-0.0425
-0.0234
-0.0737
-0.187
-0.3086
-0.439
-0.5176
-0.5024
-0.437
-0.2905
-0.1304
0.0146
0.1079
0.0991
0.001
-0.1338
-0.2808
-0.3604
-0.355
-0.2778
-0.167
-0.0576
-0.019
-0.0698
-0.1802
-0.3472
-0.4731
-0.5073
-0.4443
-0.3062
-0.1362
0.0352
0.1177
0.0825
-0.0386
-0.2095
-0.3428
-0.3755
-0.3047
-0.1855
-0.0669
-0.0308
-0.0894
-0.2397
-0.4106
-0.5117
-0.4961
-0.3691
-0.1763
-0.0083
0.1055
0.0874
-0.0469
-0.2266
-0.3472
-0.356
-0.2754
-0.145
-0.0415
-0.0288
-0.1333
-0.2969
-0.4478
-0.5112
-0.4614
-0.3057
-0.106
0.0625
0.1177
0.0483
-0.123
-0.2998
-0.3721
-0.335
-0.2256
-0.0981
-0.0215
-0.0669
-0.2114
-0.3921
-0.5205
-0.5044
-0.3716
-0.1748
0.02
0.1064
0.0664
-0.0918
-0.2705
-0.3628
-0.3398
-0.2275
-0.0938
-0.0234
-0.0703
-0.2339
-0.4072
-0.5132
-0.4854
-0.3408
-0.1309
0.0562
0.1172
0.0435
-0.1401
-0.3076
-0.3628
-0.314
-0.167
-0.0449
-0.0269
-0.1504
-0.3315
-0.4907
-0.5142
-0.4131
-0.2065
-0.0142
0.1104
0.082
-0.0854
-0.2559
-0.3687
-0.3491
-0.2241
-0.0762
-0.0215
-0.0942
-0.2578
-0.4429
-0.52
-0.4648
-0.2856
-0.0771
0.0938
0.1016
-0.0278
-0.2134
-0.3486
-0.3628
-0.2534
-0.1235
-0.0313
-0.0698
-0.2178
-0.3931
-0.5186
-0.4897
-0.3428
-0.125
0.0605
0.1211
0.0283
-0.1768
-0.333
-0.3701
-0.2749
-0.1338
-0.0293
-0.0503
-0.2051
-0.3901
-0.5117
-0.478
-0.3198
-0.0903
0.0791
0.1187
-0.0166
-0.2144
-0.3618
-0.3462
-0.2251
-0.0786
-0.0171
-0.104
-0.29
-0.4575
-0.5117
-0.3989
-0.1899
0.022
0.1147
0.0488
-0.1587
-0.335
-0.3735
-0.271
-0.1309
-0.0342
-0.0698
-0.2349
-0.4219
-0.5317
-0.4556
-0.2612
-0.0356
0.1079
0.0708
-0.0918
-0.2788
-0.3838
-0.3218
-0.167
-0.043
-0.043
-0.1777
-0.3584
-0.5059
-0.4907
-0.3418
-0.1123
0.0776
0.1118
-0.0244
-0.228
-0.3589
-0.3545
-0.2168
-0.0674
-0.0137
-0.1343
-0.3213
-0.4941
-0.5132
-0.3604
-0.1338
0.061
0.1201
-0.0171
-0.2124
-0.3555
-0.3584
-0.2227
-0.0815
-0.0273
-0.1387
-0.3276
-0.4976
-0.5093
-0.3477
-0.1201
0.0669
0.105
-0.0337
-0.231
-0.3633
-0.3516
-0.21
-0.0625
-0.0352
-0.1577
-0.3545
-0.5117
-0.4946
-0.3286
-0.0957
0.084
0.1104
-0.0464
-0.2593
-0.3647
-0.3345
-0.188
-0.0513
-0.0317
-0.1685
-0.3789
-0.5146
-0.4878
-0.314
-0.0864
0.0933
0.0957
-0.0596
-0.2666
-0.3711
-0.3174
-0.1743
-0.0483
-0.0347
-0.1777
-0.3691
-0.5156
-0.4702
-0.2983
-0.0771
0.0894
0.0913
-0.0693
-0.2671
-0.3745
-0.3203
-0.1582
-0.0435
-0.0459
-0.1963
-0.3906
-0.5176
-0.4678
-0.2695
-0.0493
0.1133
0.0762
-0.1006
-0.2954
-0.3784
-0.2959
-0.1416
-0.0313
-0.062
-0.2451
-0.4346
-0.5142
-0.4292
-0.2183
0.0044
0.1187
0.0469
-0.1528
-0.3345
-0.3647
-0.2573
-0.1079
-0.0244
-0.0962
-0.2827
-0.4697
-0.5151
-0.4009
-0.1611
0.0444
0.1196
-0.0015
-0.2026
-0.3496
-0.3599
-0.2354
-0.0811
-0.0171
-0.1147
-0.3203
-0.4907
-0.5112
-0.3535
-0.1279
0.063
0.1055
-0.0425
-0.251
-0.3735
-0.3438
-0.1938
-0.0522
-0.041
-0.1724
-0.3799
-0.5093
-0.4756
-0.2881
-0.0488
0.103
0.0942
-0.0864
-0.2915
-0.3701
-0.3066
-0.144
-0.0381
-0.0493
-0.2236
-0.4141
-0.5156
-0.4424
-0.2432
-0.02
0.1187
0.0615
-0.1362
-0.3286
-0.3628
-0.2671
-0.1152
-0.0181
-0.0815
-0.2817
-0.46
-0.5127
-0.394
-0.1465
0.062
0.1138
0.0059
-0.1982
-0.3604
-0.3545
-0.2192
-0.0669
-0.0137
-0.1445
-0.3442
-0.5034
-0.5024
-0.3218
-0.0972
0.0854
0.0972
-0.0532
-0.2651
-0.3755
-0.3154
-0.1655
-0.0366
-0.041
-0.1875
-0.395
-0.5195
-0.4619
-0.2686
-0.0303
0.1201
0.0688
-0.1201
-0.3184
-0.3804
-0.2905
-0.1318
-0.0264
-0.0854
-0.2632
-0.457
-0.5298
-0.4209
-0.1938
0.0215
0.1167
0.0146
-0.1938
-0.3574
-0.3574
-0.2305
-0.0889
-0.0234
-0.1323
-0.3311
-0.4946
-0.5039
-0.3477
-0.104
0.0903
0.0952
-0.0503
-0.269
-0.3833
-0.3301
-0.1743
-0.0547
-0.0493
-0.2046
-0.3916
-0.5215
-0.4771
-0.2813
-0.0391
0.1064
0.0771
-0.123
-0.3027
-0.3784
-0.2866
-0.1353
-0.0356
-0.0786
-0.2529
-0.4521
-0.5337
-0.4253
-0.2085
0.0117
0.1118
0.0029
-0.1919
-0.3584
-0.3574
-0.2344
-0.0815
-0.0249
-0.1304
-0.3311
-0.5024
-0.5142
-0.3447
-0.1104
0.0796
0.0942
-0.0513
-0.2603
-0.3696
-0.3242
-0.1807
-0.0488
-0.0498
-0.1958
-0.4058
-0.5303
-0.4565
-0.2446
-0.0244
0.103
0.0552
-0.145
-0.3301
-0.3721
-0.2778
-0.1143
-0.0273
-0.0957
-0.2905
-0.481
-0.5234
-0.3936
-0.1465
0.0518
0.1094
-0.0181
-0.2295
-0.3672
-0.3481
-0.1938
-0.0547
-0.0361
-0.1807
-0.376
-0.5098
-0.4761
-0.2842
-0.0615
0.0952
0.0776
-0.1045
-0.2988
-0.3745
-0.2964
-0.1357
-0.0278
-0.0684
-0.248
-0.4365
-0.5308
-0.4243
-0.2046
0.0127
0.1089
0.0166
-0.1938
-0.3491
-0.3716
-0.2476
-0.0952
-0.0239
-0.1216
-0.3203
-0.4873
-0.5151
-0.3652
-0.1333
0.063
0.1069
-0.0283
-0.2441
-0.3828
-0.3462
-0.1914
-0.0586
-0.0444
-0.188
-0.3921
-0.519
-0.4736
-0.2876
-0.0488
0.104
0.0698
-0.1206
-0.3159
-0.3862
-0.3003
-0.1362
-0.0327
-0.083
-0.2622
-0.4526
-0.522
-0.4165
-0.189
0.0176
0.1089
0.02
-0.1919
-0.3521
-0.354
-0.2271
-0.0771
-0.0215
-0.1313
-0.335
-0.4956
-0.5054
-0.3364
-0.1104
0.0752
0.1006
-0.0562
-0.2637
-0.374
-0.3193
-0.1743
-0.0356
-0.0498
-0.2031
-0.4053
-0.5254
-0.4551
-0.2432
-0.0098
0.1147
0.0483
-0.1597
-0.3354
-0.3745
-0.2646
-0.1055
-0.0259
-0.1113
-0.3022
-0.4775
-0.5054
-0.3628
-0.1362
0.0732
0.1108
-0.0278
-0.2397
-0.3677
-0.3374
-0.1958
-0.0518
-0.0371
-0.1763
-0.3916
-0.5259
-0.4751
-0.2832
-0.041
0.1079
0.0703
-0.1045
-0.3057
-0.3799
-0.2808
-0.1328
-0.0278
-0.082
-0.2544
-0.4521
-0.519
-0.4097
-0.1802
0.0381
0.1143
0.0054
-0.1997
-0.3481
-0.3481
-0.2104
-0.0679
-0.0161
-0.1309
-0.3452
-0.5059
-0.4976
-0.3262
-0.0986
0.0781
0.0918
-0.0664
-0.2686
-0.375
-0.313
-0.1621
-0.0415
-0.0532
-0.2178
-0.4204
-0.5273
-0.4551
-0.2373
-0.0166
0.1221
0.0503
-0.1489
-0.3281
-0.3682
-0.2607
-0.1118
-0.0264
-0.1001
-0.2876
-0.4785
-0.5283
-0.3887
-0.165
0.0522
0.1157
-0.0132
-0.2144
-0.3682
-0.353
-0.2114
-0.0547
-0.0278
-0.1519
-0.3657
-0.5151
-0.4834
-0.3091
-0.0728
0.0996
0.0957
-0.0781
-0.2778
-0.3765
-0.3018
-0.1538
-0.0278
-0.0479
-0.2109
-0.4248
-0.5249
-0.4399
-0.23
-0.0015
0.1064
0.0386
-0.1558
-0.3296
-0.3652
-0.2681
-0.104
-0.0308
-0.1011
-0.2939
-0.4741
-0.5137
-0.3774
-0.1396
0.0586
0.1133
-0.02
-0.2183
-0.3608
-0.3496
-0.2017
-0.0576
-0.0278
-0.1646
-0.3716
-0.5151
-0.4849
-0.2764
-0.0527
0.0908
0.0771
-0.0977
-0.2969
-0.3823
-0.2998
-0.1426
-0.0396
-0.0718
-0.2412
-0.4399
-0.5249
-0.4243
-0.2222
0.0015
0.1123
0.0386
-0.1709
-0.335
-0.3633
-0.25
-0.0962
-0.0259
-0.1245
-0.3154
-0.4893
-0.5215
-0.3677
-0.1343
0.0703
0.1045
-0.041
-0.2441
-0.3799
-0.333
-0.1875
-0.0498
-0.0391
-0.1895
-0.3921
-0.5269
-0.4722
-0.2705
-0.0308
0.1069
0.0684
-0.123
-0.314
-0.3735
-0.2837
-0.1299
-0.0278
-0.0728
-0.2568
-0.4624
-0.5298
-0.4058
-0.1768
0.0396
0.1172
0.0142
-0.1919
-0.3413
-0.353
-0.2246
-0.0854
-0.0269
-0.1392
-0.3291
-0.5029
-0.498
-0.3433
-0.1099
0.0791
0.103
-0.0508
-0.2568
-0.3628
-0.3291
-0.1777
-0.0469
-0.041
-0.188
-0.394
-0.5156
-0.4629
-0.2627
-0.0376
0.0991
0.0728
-0.1099
-0.3037
-0.3799
-0.2925
-0.1362
-0.0322
-0.0806
-0.2471
-0.4414
-0.521
-0.4336
-0.2261
0.0054
0.1138
0.0454
-0.1646
-0.333
-0.3677
-0.2627
-0.0942
-0.0205
-0.1074
-0.3052
-0.4727
-0.5107
-0.3789
-0.145
0.0552
0.1138
-0.0254
-0.231
-0.3569
-0.3384
-0.208
-0.0581
-0.0356
-0.1611
-0.3647
-0.5029
-0.4932
-0.312
-0.0845
0.0923
0.0864
-0.0747
-0.2827
-0.3857
-0.3174
-0.1597
-0.0396
-0.063
-0.2075
-0.4233
-0.5254
-0.4551
-0.2632
-0.0234
0.104
0.0503
-0.1406
-0.3237
-0.3882
-0.2695
-0.1128
-0.0127
-0.0908
-0.271
-0.4736
-0.5186
-0.3882
-0.1655
0.0454
0.1094
-0.0156
-0.2197
-0.3662
-0.3516
-0.1997
-0.0576
-0.0273
-0.1567
-0.3486
-0.5127
-0.4897
-0.3169
-0.0854
0.0889
0.0918
-0.0752
-0.2881
-0.3789
-0.3169
-0.1602
-0.0386
-0.0522
-0.209
-0.417
-0.5161
-0.4458
-0.2461
-0.0176
0.1206
0.0586
-0.1362
-0.3174
-0.3701
-0.2822
-0.1162
-0.022
-0.0903
-0.2656
-0.4619
-0.519
-0.4038
-0.1802
0.0405
0.1162
0.0063
-0.1958
-0.3555
-0.3623
-0.2217
-0.0762
-0.0352
-0.1338
-0.3359
-0.4971
-0.5063
-0.3457
-0.1099
0.0776
0.0996
-0.0459
-0.2549
-0.3735
-0.3262
-0.1753
-0.0474
-0.0474
-0.1895
-0.3979
-0.5264
-0.4736
-0.2886
-0.0498
0.0986
0.0737
-0.1099
-0.3101
-0.3774
-0.3013
-0.1416
-0.0352
-0.0674
-0.2432
-0.4438
-0.5361
-0.4395
-0.2227
-0.0049
0.1138
0.0435
-0.1738
-0.3345
-0.3662
-0.2646
-0.1011
-0.0225
-0.0986
-0.3086
-0.478
-0.522
-0.3818
-0.1592
0.0547
0.1201
0.0122
-0.1948
-0.3525
-0.3633
-0.2212
-0.0703
-0.02
-0.1289
-0.3296
-0.4951
-0.5005
-0.3589
-0.1396
0.0679
0.1133
-0.0205
-0.2271
-0.3691
-0.3428
-0.2051
-0.0693
-0.0288
-0.146
-0.3486
-0.5078
-0.5029
-0.3413
-0.1167
0.0615
0.0996
-0.0352
-0.229
-0.3569
-0.3413
-0.2017
-0.0605
-0.0298
-0.1367
-0.3447
-0.499
-0.4961
-0.3481
-0.106
0.0859
0.0996
-0.0386
-0.2441
-0.3711
-0.334
-0.1948
-0.0635
-0.0293
-0.1626
-0.3516
-0.5039
-0.48
-0.3208
-0.0957
0.0742
0.1001
-0.0532
-0.2563
-0.3706
-0.3369
-0.1968
-0.0693
-0.0381
-0.1528
-0.3511
-0.4941
-0.5088
-0.3403
-0.127
0.0576
0.1045
-0.0278
-0.2319
-0.3633
-0.3643
-0.2383
-0.0908
-0.0293
-0.106
-0.2905
-0.4556
-0.5215
-0.4121
-0.2178
-0.0132
0.1025
0.064
-0.1167
-0.3008
-0.3784
-0.3184
-0.1787
-0.0552
-0.0381
-0.1592
-0.3423
-0.501
-0.5137
-0.3867
-0.1577
0.041
0.1074
0.0278
-0.1665
-0.3159
-0.3682
-0.2876
-0.1445
-0.0322
-0.0498
-0.1973
-0.3828
-0.5181
-0.502
-0.3423
-0.1357
0.0654
0.1118
0.0112
-0.1812
-0.335
-0.3726
-0.2759
-0.1299
-0.0371
-0.0576
-0.2075
-0.3862
-0.5127
-0.4814
-0.3232
-0.1157
0.0708
0.1143
0.0083
-0.1738
-0.3384
-0.375
-0.2715
-0.1348
-0.0342
-0.0454
-0.1787
-0.3662
-0.4995
-0.5054
-0.3887
-0.1792
0.0278
0.1094
0.0737
-0.0757
-0.2588
-0.3555
-0.3579
-0.2446
-0.1064
-0.0239
-0.0566
-0.1807
-0.3604
-0.4995
-0.5054
-0.4023
-0.2095
-0.0146
0.104
0.0967
-0.042
-0.2144
-0.3457
-0.3623
-0.2788
-0.1323
-0.042
-0.0439
-0.147
-0.3228
-0.4702
-0.5132
-0.4312
-0.2578
-0.0547
0.0835
0.1133
-0.0098
-0.188
-0.3208
-0.3687
-0.2979
-0.167
-0.0605
-0.0244
-0.106
-0.2734
-0.4312
-0.5225
-0.4736
-0.3232
-0.1245
0.0444
0.104
0.0537
-0.123
-0.2856
-0.3706
-0.3389
-0.2256
-0.1006
-0.0151
-0.0747
-0.209
-0.3887
-0.5171
-0.5151
-0.4009
-0.2236
-0.0532
0.0776
0.0972
0.0015
-0.1577
-0.3091
-0.3711
-0.3511
-0.248
-0.1177
-0.0444
-0.0391
-0.1196
-0.25
-0.4028
-0.5063
-0.5151
-0.4429
-0.3174
-0.1792
0.0015
0.0981
0.0986
0.0254
-0.1055
-0.2568
-0.3574
-0.3823
-0.3198
-0.229
-0.1333
-0.0552
-0.043
-0.1104
-0.2349
-0.3628
-0.481
-0.521
-0.4634
-0.3511
-0.1997
-0.0557
0.0767
0.1084
0.064
-0.062
-0.2085
-0.3311
-0.3828
-0.3652
-0.2773
-0.1738
-0.0718
-0.0303
-0.0659
-0.1533
-0.2935
-0.4355
-0.5103
-0.5112
-0.4521
-0.3296
-0.1943
-0.0547
0.0679
0.1001
0.0776
0.0171
-0.1162
-0.2505
-0.3438
-0.3789
-0.3623
-0.311
-0.2187
-0.1406
-0.0596
-0.0254
-0.0337
-0.104
-0.1816
-0.2856
-0.4038
-0.4907
-0.5225
-0.5151
-0.4658
-0.3862
-0.2964
-0.1826
-0.085
0.0078
0.0767
0.1021
0.1011
0.061
0.0146
-0.0635
-0.1377
-0.2212
-0.2827
-0.3394
-0.3711
-0.377
-0.3667
-0.3403
-0.2925
-0.2339
-0.1743
-0.1157
-0.0615
-0.0386
-0.0327
-0.0415
-0.0781
-0.1284
-0.187
-0.2676
-0.3413
-0.4106
-0.4663
-0.5024
-0.5181
-0.502
-0.4761
-0.4346
-0.3638
-0.292
-0.2163
-0.1367
-0.063
0.0103
0.0737
0.104
0.1084
0.1006
0.0576
0.0059
-0.0728
-0.1426
-0.2061
-0.2759
-0.3325
-0.3716
-0.3784
-0.3618
-0.3438
-0.311
-0.2651
-0.2007
-0.1367
-0.0815
-0.0508
-0.0337
-0.02
-0.0469
-0.0801
-0.126
-0.1963
-0.2749
-0.3506
-0.4194
-0.4731
-0.5142
-0.5249
-0.5083
-0.4761
-0.4355
-0.3853
-0.3247
-0.2603
-0.1938
-0.1294
-0.0747
-0.0117
0.0337
0.0664
0.0889
0.104
0.1108
0.1089
0.0928
0.0879
0.085
0.0601
0.0405
0.0234
-0.002
-0.0205
-0.0293
-0.0508
-0.0728
-0.0864
-0.0991
-0.1035
-0.1094
-0.1177
-0.1216
-0.1353
-0.1265
-0.1348
-0.1367
-0.1299
-0.1362
-0.1372
-0.1348
-0.1396
-0.1372
-0.1357
-0.126
-0.1235
-0.1294
-0.126
-0.1377
-0.1211
-0.1265
-0.1313
-0.1284
-0.1274
-0.1274
-0.127
-0.1265
-0.1333
-0.1304
-0.1328
-0.1279
-0.1245
-0.1294
-0.127
-0.1216
-0.1279
-0.1245
-0.124
-0.123
-0.1245
-0.1226
-0.1162
-0.1206
-0.127
-0.127
-0.1299
-0.1279
-0.1343
-0.1333
-0.1333
-0.126
-0.1299
-0.1265
-0.1289
-0.1245
-0.1274
-0.1289
-0.127
-0.1299
-0.1362
-0.1328
-0.1313
-0.1274
-0.1299
-0.1284
-0.1245
-0.127
-0.1284
-0.127
-0.1323
-0.126
-0.1294
-0.1304
-0.1372
-0.1343
-0.1294
-0.1309
-0.145
-0.1353
-0.1362
-0.1377
-0.1367
-0.1323
-0.1328
-0.1318
-0.1313
-0.127
-0.1255
-0.1279
-0.1279
-0.1245
-0.1279
-0.1309
-0.1333
-0.1338
-0.126
-0.1279
-0.1323
-0.126
-0.1284
-0.1284
-0.1309
-0.1323
-0.1255
-0.1304
-0.1323
-0.1333
-0.1343
-0.1382
-0.1318
-0.1313
-0.1323
-0.1226
-0.1357
-0.1245
-0.127
-0.1362
-0.1318
-0.1328
-0.1357
-0.1372
-0.1357
-0.1304
-0.125
-0.1216
-0.1289
-0.1294
-0.123
-0.1318
-0.1348
-0.1265
-0.1343
-0.1304
-0.125
-0.126
-0.126
-0.1235
-0.1304
-0.1313
-0.1274
-0.127
-0.1367
-0.1382
-0.1353
-0.1367
-0.1221
-0.1436
-0.1416
-0.1362
-0.1411
-0.1445
-0.1387
-0.1426
-0.1338
-0.1387
-0.1304
-0.1318
-0.126
-0.1333
-0.1401
-0.1396
-0.1328
-0.1309
-0.1309
-0.1377
-0.1411
-0.1382
-0.1348
-0.1348
-0.1338
-0.1353
-0.1284
-0.1328
-0.1372
-0.1323
-0.1309
-0.1265
-0.1274
-0.1294
-0.1284
-0.1323
-0.1284
-0.1362
-0.1206
-0.1211
-0.1191
-0.1284
-0.126
-0.1313
-0.1265
-0.124
-0.1235
-0.127
-0.1313
-0.1338
-0.1255
-0.1313
-0.1304
-0.1299
-0.1338
-0.1348
-0.1323
-0.1392
-0.1289
-0.1372
-0.1299
-0.1255
-0.1367
-0.1216
-0.127
-0.1294
-0.1333
-0.1274
-0.1328
-0.1328
-0.1348
-0.1353
-0.1377
-0.1401
-0.1304
-0.1304
-0.1343
-0.145
-0.1328
-0.1333
-0.1333
-0.1338
-0.1387
-0.1323
-0.1348
-0.1318
-0.125
-0.1304
-0.1313
-0.1387
-0.1318
-0.1353
-0.1387
-0.1387
-0.1362
-0.1328
-0.1279
-0.1353
-0.1313
-0.1333
-0.1348
-0.1357
-0.126
-0.1313
-0.1304
-0.1284
-0.1357
-0.1343
-0.1401
-0.1406
-0.1343
-0.1323
-0.127
-0.127
-0.1367
-0.1401
-0.1338
-0.1338
-0.1343
-0.1372
-0.1279
-0.1372
-0.1304
-0.1289
-0.1304
-0.1372
-0.1348
-0.1343
-0.1357
-0.1313
-0.1294
-0.1343
-0.1328
-0.1294
-0.1299
-0.1294
-0.126
-0.123
-0.1289
-0.1348
-0.127
-0.126
-0.127
-0.1265
-0.1289
-0.125
-0.1284
-0.1323
-0.1294
-0.1255
-0.1284
-0.1309
-0.1294
-0.126
-0.1313
-0.1309
-0.1309
-0.1313
-0.1377
-0.1411
-0.1362
-0.1284
-0.1313
-0.1318
-0.1348
-0.1284
-0.1226
-0.127
-0.1274
-0.1284
-0.1299
-0.1411
-0.1304
-0.1318
-0.1279
-0.1309
-0.1382
-0.1299
-0.1323
-0.1353
-0.1338
-0.1362
-0.1343
-0.1289
-0.1333
-0.1304
-0.1255
-0.1392
-0.1382
-0.1348
-0.1318
-0.1309
-0.1304
-0.1318
-0.1328
-0.126
-0.1333
-0.1279
-0.1299
-0.1318
-0.127
-0.1387
-0.1279
-0.1299
-0.1313
-0.1367
-0.1416
-0.1284
-0.1304
-0.1338
-0.1299
